address,city,developer,district,index_date,lat,lng,name,osv,price,property,property_fee,province,tv,type,year
甘井子区榆林街37号-12公建,大连,大连新型房地产开发有限公司,甘井子,20190318,38.980133141940186,121.52779506952932,泡崖美林园,210,11543,大连新型物业管理有限公司,0.6,辽宁,46,二手房,2003
沙河口区华新苑10号楼4号公建,大连,大连新型房地产开发有限公司,沙河口,20190318,38.921778341674376,121.58261780680284,侯一小区,147,10955,大连新兴物业管理有限公司,0.3,辽宁,28,二手房,1989
开发区湾里南12栋-16-17-18号,大连,大连金湾实业有限公司,开发区,20190318,39.070782084451,121.8506739675913,湾里南小区,304,8697,大连金湾物业管理有限公司,0.5,辽宁,31,二手房,2003
甘井子区宜居园10-1号房屋,大连,大连万科房地产开发有限公司,甘井子,20190318,39.000039431463165,121.52111738616489,万科魅力之城,209,14662,大连万科物业服务有限公司,1.5,辽宁,18,二手房,2012
大连经济技术开发区东城天下98-14,大连,大连乾豪集团有限公司,开发区,20190318,39.069195091289004,121.8502099927954,东城天下,307,8504,大连远洋基业物业管理有限公司,0.9,辽宁,35,二手房,2005
甘井子区玉丽街2号楼1单元4号公建,大连,大连新型房地产开发总公司,甘井子,20190318,38.98705071699301,121.55513043130172,泡崖康顺园,132,10864,大连新兴物业管理有限公司,0.5,辽宁,27,二手房,2007
沙河口区沙能街101号1单元1层1号,大连,大连新型房地产开发有限公司,沙河口,20190318,38.9366316275348,121.59031205759763,侯二小区,173,10907,街道办事处（居委会）代管物业,0.1,辽宁,26,二手房,1985
大连市金州区站前街道生辉第一城14-3号1-2层,大连,大连新希望家园房地产有限公司,金州,20190318,39.0569681786798,121.74773530665969,新希望家园,155,8610,大连新希望物业服务有限公司,1.2,辽宁,26,二手房,2009
甘井子区汇仁街22号,大连,远洋地产有限公司,甘井子,20190318,38.99712640764999,121.58834420439493,远洋广场,166,17645,大连远洋基业物业管理有限公司,1.4,辽宁,19,二手房,2010
开发区正恒园1-16,大连,大连华宇房地产开发有限公司,开发区,20190318,39.04823944344617,121.76165468797754,左岸经典,220,9012,大连豪之英物业管理有限公司,1.8,辽宁,20,二手房,2009
甘井子区玉湖街25号2单元1层3号,大连,大连新型房地产开发有限公司,甘井子,20190318,38.97626265183615,121.54617349027997,泡崖四区,128,10388,大连新型物业管理有限公司,0.5,辽宁,19,二手房,2002
大连开发区金马路169-2-8号,大连,大连亿锋房地产实业有限公司,开发区,20190318,39.055616222703364,121.78435683280883,亿锋现代城,157,10144,亿锋豪景物业管理有限公司,1.1,辽宁,15,二手房,2006
经济技术开发区城润万家62-8公建,大连,大连海汇房地产开发有限公司,开发区,20190318,39.06883436780937,117.72669530355309,城润万家,90,8976,大连正源物业服务有限公司,0.5,辽宁,15,二手房,2007
"西岗区泰公街20号2层7号 西岗区久寿街22号1层14号""",大连,无开发商,西岗,20190318,38.92600196862723,121.62141976476381,北京街南,43,15581,大连长青物业管理中心,0.2,辽宁,21,二手房,1975
沙河口区数码路北段18—20号,大连,大连软景房地产开发有限公司,高新园区,20190318,38.89150610253657,121.55065097641645,软景E居,81,27250,亿达物业管理有限公司,2.6,辽宁,20,二手房,2011
金州区金润花园B区47号1单元1层1号2号,大连,大连辽大房地产开发有限公司,金州,20190318,39.104347761505736,121.7451779647203,金润小区B区,164,8163,大连新兴物业管理有限公司,0.4,辽宁,15,二手房,2005
开发区东北三街94号1层,大连,大连欣达房地产开发有限公司,开发区,20190318,39.05723508011585,121.80570768630555,倚山里小区,213,7339,大连经济技术开发区聚盛达物业管理有限公司,0.2,辽宁,13,二手房,1996
沙河口区华北路448号楼1-4公建,大连,无开发商,沙河口,20190318,38.903224944733765,121.56809734950556,刘家桥,73,10570,街道办事处（居委会）代管物业,0.1,辽宁,13,二手房,1981
沙河口区富民路120号4-1-1,大连,大连渤海红旗集团有限公司,沙河口,20190318,38.930937859528605,121.5647274237578,马栏小学北,76,10496,街道办事处（居委会）代管物业,0.2,辽宁,13,二手房,1995
金州新区站前街道生辉第一城5号楼1-2层4号,大连,大连公路工程集团生辉房地产开发有限公司,金州,20190318,39.05839688242313,121.74629383174005,生辉第一城,111,10638,大连生辉物业管理有限公司,1.2,辽宁,13,二手房,2007
无门店信息,大连,大连益宁房地产开发有限公司,开发区,20190318,34.52713835999158,118.76812980670795,岭湾峰尚一期,144,8619,大连鸿达物业管理有限公司,1.3,辽宁,13,二手房,2011
沙河口区昌黎街22号,大连,大连城市建设集团有限公司,沙河口,20190318,38.91975785098891,121.59109628369768,北昌平小区,97,12662,无物业管理服务,-,辽宁,13,二手房,1983
沙河口区星海广场B3区20—3号,大连,大连飞通房地产开发有限公司,沙河口,20190318,38.888054001818844,121.58662952422732,东方星海,92,17114,大连兆恒物业管理有限公司,2.9,辽宁,13,二手房,2009
无门店信息,大连,无开发商,甘井子,20190318,34.52713835999158,118.76812980670795,石油六闾,64,8891,街道办事处（居委会）代管物业,0.5,辽宁,14,二手房,1989
无门店信息,大连,大连金湾实业有限公司,开发区,20190318,34.52713835999158,118.76812980670795,金湾山城,132,9061,大连金湾物业管理有限公司,0.5,辽宁,14,二手房,2009
甘井子区泉水D1区37-7号,大连,大连运腾房地产开发有限公司,甘井子,20190318,39.013992871679214,121.61921940045104,锦泉源D2区,200,13147,大连嘉毅物业管理有限公司,0.5,辽宁,14,二手房,2005
甘井子区玉丽街2号楼1单元4号公建,大连,大连新型房地产开发有限公司,甘井子,20190318,38.98705071699301,121.55513043130172,泡崖七区,95,10567,大连新兴物业管理有限公司,0.3,辽宁,14,二手房,1999
沙河口区西南路40号楼,大连,无开发商,沙河口,20190318,38.94141605900714,121.58612100465703,星海公园,46,12329,无物业管理服务,0.5,辽宁,16,二手房,1990
金州新区先进街道渤海街7-4号1-2层、7-3号1-2层,大连,原金州纺织厂房地产公司,金州,20190318,39.09342713035472,121.74590886291374,金纺小区,151,6633,街道办事处（居委会）代管物业,0.5,辽宁,17,二手房,1985
大连经济技术开发区时代城4-3号1-2号,大连,远洋地产有限公司,开发区,20190318,39.0992481321252,121.83007860699459,远洋时代城一期,151,9017,大连远洋基业物业管理有限公司,1.5,辽宁,17,二手房,2012
天河路173-2号 华润考拉22号公建,大连,华润置地（大连）开发有限公司,甘井子,20190318,23.147151253133927,113.3277313198351,华润考拉住区,87,15459,华润物业（大连）有限公司,2.5,辽宁,12,二手房,2015
沙河口区新生路万客园3-7,大连,大连绿波房屋开发集团有限公司,沙河口,20190318,38.94412875710208,121.57006756704837,绿波小区,135,10523,大连绿波建设发展有限公司,0.2,辽宁,11,二手房,1998
开发区景和园1-7,大连,大连市政府工程建设指挥部,开发区,20190318,30.41892168817929,120.30896459202738,小孤山中里,90,7481,大连广谊物业管理有限公司,0.4,辽宁,9,二手房,1999
沙河口区敦煌路357号10-11轴公建,大连,无开发商,沙河口,20190318,38.93891619583455,121.59150694046835,车家村,31,10394,街道办事处（居委会）代管物业,0.5,辽宁,9,二手房,1989
金州新区先进街道五一路350-1号1-2层,大连,暂无信息,金州,20190318,39.095023587156554,121.74333264248519,聚鑫小区三期,57,6737,大连新生活物业管理有限公司,0.5,辽宁,9,二手房,2008
开发区大开高吉里33栋6号,大连,大连金港集团有限公司,开发区,20190318,39.07355836059941,121.8280439450145,高祥里,54,7861,街道办事处（居委会）代管物业,0.3,辽宁,9,二手房,1992
沙河口区五一路177-1-1-1,大连,无开发商,沙河口,20190318,38.90485271510574,121.57313607267041,台山,78,11543,街道办事处（居委会）代管物业,0.5,辽宁,9,二手房,1987
大连市甘井子区柳林园8-7号,大连,大连万科置业有限公司,甘井子,20190318,38.91290525308349,121.47673750074993,万科溪之谷,164,14432,大连万科物业服务有限公司,0.6,辽宁,9,二手房,2007
甘井子区华龙南园12-4-3-1-3,大连,大连鹏德房屋开发有限公司,甘井子,20190318,38.98528794231248,121.61028969481718,乐活源,65,12528,大连三和住邦物业管理有限公司,0.5,辽宁,9,二手房,2009
开发区润海园中区30-1,大连,华润（大连）房地产有限公司,开发区,20190318,39.04047273176333,121.76392358042445,华润海中国三期,153,14521,华润物业（大连）有限公司,3.1,辽宁,9,二手房,-
沙河口区马栏北街186号,大连,大连渤海红旗集团有限公司,甘井子,20190318,38.921778341674376,121.58261780680284,马栏北街,35,11027,大连辽南物业管理有限公司,0.2,辽宁,10,二手房,1993
沙河口区富静街26号1单元1层5号,大连,大连正源房地产开发有限公司,沙河口,20190318,38.908727606250466,121.58667844684369,幸福e家五期,165,37896,大连正源物业服务有限公司,1.8,辽宁,9,二手房,2008
金州区鹏程家园53#-8,大连,大连光伸房地产开发有限公司,开发区,20190318,39.0348243693741,121.81226722991913,绿洲半岛北岸,114,9337,大连经济技术开发区光伸物业服务有限公司,1.2,辽宁,10,二手房,2007
甘井子区促进路200号,大连,大连航宇房屋开发有限公司,甘井子,20190318,38.95810188892782,121.58530036264898,促进小区,29,11550,大连顺达物业服务有限公司,0.2,辽宁,10,二手房,1997
开发区安盛里5栋-4,大连,大连盛铭资产管理有限公司,开发区,20190318,23.112106678834838,113.27801046214822,安盛花园,72,9284,大连经济技术开发区海青物业有限公司,1.1,辽宁,10,二手房,2003
甘井子区锦城西园4#3-1-1,大连,大连锦绣房地产开发有限公司,沙河口,20190318,38.95286223185571,121.55129044777,锦霞北园,91,11533,大连锦绣物业管理有限公司,0.3,辽宁,10,二手房,1998
甘井子区虹城路503号1-1号,大连,大连新星房地产开发有限公司,甘井子,20190318,38.981193588625004,121.49964051837122,艾维尼小城,82,16074,大连生生物业有限公司,1.8,辽宁,10,二手房,2010
开发区润海园中区62-9,大连,华润（大连）房地产有限公司,开发区,20190318,39.04047273176333,121.76392358042445,华润海中国四期,120,14203,华润物业（大连）有限公司,3.1,辽宁,10,二手房,2014
西岗区鞍山路65-5号,大连,大连万达房地产开发有限公司,沙河口,20190318,38.92701992456326,121.60258216167713,79中广电中心,70,28828,无物业管理服务,-,辽宁,7,二手房,1988
大连市甘井子区辛如街35号1单元1层1号,大连,大连新星房地产开发有限公司,甘井子,20190318,38.96862607066881,121.52294869064194,新星绿城五期,75,14014,大连生生物业有限公司,0.8,辽宁,7,二手房,2009
甘井子区红旗花园23号楼19-24轴公建,大连,大连红旗兴达房地产开发有限公司,甘井子,20190318,38.93108029984587,121.54902145022133,兴达花园,67,12309,大连万泰物业管理有限公司,0.3,辽宁,7,二手房,2000
开发区润海园中区30-1,大连,华润置地（大连）开发有限公司,开发区,20190318,39.04047273176333,121.76392358042445,华润海中国一期,131,16118,华润物业（大连）有限公司,1.8,辽宁,7,二手房,2009
沙河口区锦霞南园13号4单元1层3号,大连,大连锦绣房地产开发有限公司,沙河口,20190318,38.921778341674376,121.58261780680284,锦华中园,45,11986,大连锦绣物业管理有限公司,0.5,辽宁,7,二手房,2001
甘井子区千山路66号楼2单元1楼2号,大连,大连宜和房地产开发有限公司,甘井子,20190318,38.985716774397915,121.58287796391829,盛世闲庭,50,15041,大连衡德物业管理有限公司,0.5,辽宁,7,二手房,2003
莲花山路89-3号,大连,大连胜利路拓宽改造工程建设有限公司,沙河口,20190318,38.90273559371702,121.6046814926709,星海融汇,108,21634,大连星海湾商务区物业管理有限公司,1.5,辽宁,7,二手房,2014
甘井子区静林街34号4单元1层2,大连,大连祥盛房屋开发有限公司,甘井子,20190318,38.98321485010885,121.58185179833856,千山心城,112,14317,大连百特物业管理有限公司,0.5,辽宁,7,二手房,2003
金州区金润花园B区47号1单元1层1号2号,大连,暂无信息,金州,20190318,39.104347761505736,121.7451779647203,民馨小区,59,6896,无物业管理服务,0.5,辽宁,8,二手房,-
金州区南棉路310号,大连,无开发商,金州,20190318,39.09939229372624,121.72414976100345,劳动局小区,81,7748,无物业管理服务,0.1,辽宁,8,二手房,1990
金州区凤翔路220号,大连,大连润景房地产开发有限公司,金州,20190318,39.08410553937731,121.77700083356399,恒盛阳光美麓,136,9819,沈阳阳光鑫地物业管理有限公司大连分公司,1.6,辽宁,8,二手房,2011
开发区杏树里10栋-14,大连,无开发商,开发区,20190318,39.08113818354046,121.78505742127606,松苑山庄,76,5747,大连市金州区先进物业管理中心,0.5,辽宁,8,二手房,1999
金州区先进街道陶然居公建2-2号1层,大连,大连金信集团房地产有限公司,金州,20190318,39.08283372756215,121.76170982507143,金信陶然居,49,9501,北京瑞思特物业管理有限公司,0.5,辽宁,8,二手房,2007
金州区金润小区B区861单元102,大连,大连新型房地产开发有限公司,金州,20190318,39.10615165380565,121.74639264534615,糖果小区,63,8666,大连新兴物业管理有限公司,0.5,辽宁,8,二手房,2011
沙河口区兰田街33号,大连,无开发商,沙河口,20190318,38.926138912221084,121.56486022834609,马栏广场东,11,11302,大连辽南物业管理有限公司,0.2,辽宁,8,二手房,1995
金州区先进街道渤海街1-4号1-2层,大连,无开发商,金州,20190318,39.09512910553563,121.74578812616167,金元小区,52,6934,街道办事处（居委会）代管物业,0.1,辽宁,7,二手房,1993
大连市开发区湾里东5-6号,大连,大连宏港房地产开发有限公司,开发区,20190318,39.07275772231556,121.85888789351343,都悦里,166,6628,大连宏港物业管理有限公司,0.3,辽宁,8,二手房,1998
无门店信息,大连,大连中海新城置业有限公司,甘井子,20190318,34.52713835999158,118.76812980670795,中海凤凰熙岸,44,13383,大连中海物业管理有限公司,2.3,辽宁,6,二手房,2016
金州区胜利西小区44号楼,大连,大连金宸集团,金州,20190318,39.10507689383061,121.71536524220103,连大文润金宸一二期,45,9961,大连四通物业管理有限公司,0.9,辽宁,6,二手房,2010
大连市沙河口区黄河路729号,大连,无开发商,沙河口,20190318,38.91710565765228,121.58954758972729,南昌平小区,43,12166,街道办事处（居委会）代管物业,0.8,辽宁,6,二手房,1986
金州新区站前街道生辉第一城5号楼1-2层4号,大连,大连新希望家园房地产有限公司,金州,20190318,39.05839688242313,121.74629383174005,新希望乐城,61,10152,大连新希望物业服务有限公司,1.6,辽宁,6,二手房,2013
甘井子金地艺境博艺西园2-1号,大连,大连天意房地产开发有限公司,甘井子,20190318,39.04402110608829,121.665484498555,金地艺境,156,14392,大连金地物业管理有限公司,0.5,辽宁,6,二手房,2011
经济技术开发区城润万家4-5号公建,大连,大连山河永好置业有限公司,开发区,20190318,39.05716325096989,121.75946281983826,山河秀景,43,9761,大连山河物业管理有限公司,1.5,辽宁,6,二手房,2010
沙河口区红旗东路18-22号2单元1楼3号,大连,大连渤海红旗集团有限公司,甘井子,20190318,38.921778341674376,121.58261780680284,红旗东路,39,11621,渤海吉祥物业管理有限公司,0.4,辽宁,6,二手房,1992
大连市开发区左岸经典正恒园1-17,大连,大连神洲众益集团有限公司,开发区,20190318,39.049057070649155,121.76187404250511,万国宫馆一期,114,13416,加拿大高力国际物业服务有限公司,2.4,辽宁,6,二手房,2009
开发区红梅小区19栋-2-1-1号,大连,香港北海集团,开发区,20190318,29.906498897603264,121.5913630631805,君悦豪庭,49,11314,街道办事处（居委会）代管物业,1.2,辽宁,6,二手房,2004
西岗区黄河路90号公建部分,大连,大连鼎森房地产开发有限公司,西岗,20190318,38.92234529815978,121.62829331825485,金宸国际,33,15967,英联华（香港）物业管理顾问有限公司,2.2,辽宁,6,二手房,2004
开发区红梅小区19栋-2-1-1号,大连,开发区城建局,开发区,20190318,29.906498897603264,121.5913630631805,红梅小区,41,11489,街道办事处（居委会）代管物业,0.3,辽宁,6,二手房,1995
沙河口区前程街46号4—1—2号,大连,大连台安房屋开发有限公司开发,甘井子,20190318,38.921778341674376,121.58261780680284,彩虹园,26,10886,渤海吉祥物业管理有限公司,0.4,辽宁,6,二手房,2000
甘井子区华北路花锦园28号23-3-1-2建筑物,大连,大连东特房地产开发有限公司,甘井子,20190318,38.951627958411166,121.5739439799003,东特新天地,30,15943,大连瑞祥物业管理有限公司,0.5,辽宁,6,二手房,2003
甘井子区亿家缘虹韵路205,大连,大连亿达美加房地产开发有限公司,甘井子,20190318,38.95759554613104,121.5279376157567,第五郡四号地,43,28018,亿达物业管理有限公司,2,辽宁,6,二手房,2010
大连市高新园区软件园路1A-3号,大连,亿达房地产开发有限公司,高新园区,20190318,38.89360013642285,121.54653763548625,软件园小区,54,14630,业主自筹物业,0.2,辽宁,6,二手房,1995
中山区益民街16号1层1号,大连,大连恒力德实业开发有限公司,中山,20190318,38.93092761298906,121.66470740073377,港湾壹号,75,14420,大连日航酒店物业管理有限公司,3.8,辽宁,6,二手房,2009
高新园区硅谷假日小区25号楼地下室,大连,大连志恒房地产开发有限公司,高新园区,20190318,38.865995717263544,121.53771220335938,菁英汇,53,16323,大连海创物业管理有限公司,1.2,辽宁,6,二手房,2007
高新园区黄浦路600-602号,大连,大连鑫亿房屋开发有限公司,高新园区,20190318,38.86342472318123,121.53493189660259,新科花园,25,18316,大连鑫晟物业管理有限公司,0.6,辽宁,5,二手房,2003
无门店信息,大连,大连君悦房地产开发有限公司,甘井子,20190318,34.52713835999158,118.76812980670795,君悦晟景,19,12756,大连弘实物业有限公司,1.2,辽宁,6,二手房,2012
甘井子区圣林南园3-3号,大连,大连广泰房屋开发有限公司,甘井子,20190318,38.95187275584195,121.54422808213874,美树日记,60,22145,大连华安物业管理有限公司,1.6,辽宁,5,二手房,2009
甘井子区山东路315号14栋1单元1跃2层13号,大连,华润置地（大连）开发有限公司,甘井子,20190318,39.00206212579579,121.59357231641214,华润置地广场一期,58,20653,华润物业（大连）有限公司,2.8,辽宁,5,二手房,2013
沙河口区华新苑10号楼4号公建,大连,大连祥盛房屋开发有限公司,沙河口,20190318,38.921778341674376,121.58261780680284,香洲心城,27,18662,大连百特物业管理有限公司,1,辽宁,5,二手房,2011
中山区华乐街107-115号1单元1层2号,大连,大连海昌房地产开发有限公司,中山,20190318,38.92093821499401,121.68879267531725,海昌欣城,88,16985,大连海昌欣城物业管理有限公司,1.2,辽宁,5,二手房,2002
西岗区香炉礁24号1-1,大连,大连新型房地产开发有限公司,西岗,20190318,38.91336952993919,121.6258229781024,金海花园西园,38,11715,无物业管理服务,0.5,辽宁,5,二手房,2001
甘井子区锦城西园4#3-1-1,大连,大连锦绣房地产开发有限公司,沙河口,20190318,38.95286223185571,121.55129044777,锦华北园,77,13854,大连锦绣物业管理有限公司,0.6,辽宁,5,二手房,2002
高新园区书香街1A#1-1-2,大连,大连金弘基房地产开发有限公司,高新园区,20190318,38.880372108393104,121.55218773010999,弘基三期,45,20230,大连金弘基物业管理有限公司,0.5,辽宁,5,二手房,2005
沙河口区富国街34-3,大连,大连万达房地产开发有限公司,沙河口,20190318,38.90160386349964,121.58915317342193,星海人家,38,26851,大连万景物业管理有限公司,1.2,辽宁,5,二手房,2001
高新园敬贤街23-11号,大连,中海东丰地产（大连）有限公司,高新园区,20190318,38.86956637166276,121.5301657390922,中海华庭,66,20279,大连中海物业管理有限公司,2,辽宁,5,二手房,2009
甘井子区西南路979-7号公建,大连,暂无信息,甘井子,20190318,38.96275592929325,121.5958698791777,八十中红咀街,103,15449,街道办事处（居委会）代管物业,0.2,辽宁,6,二手房,1988
金州新区先进街道五一路350-1号1-2层,大连,大连中连房地产开发有限公司,金州,20190318,39.095023587156554,121.74333264248519,聚鑫小区二期,32,7482,大连新生活物业管理有限公司,0.5,辽宁,6,二手房,2008
开发区润海园中区30-1,大连,暂无信息,开发区,20190318,39.04047273176333,121.76392358042445,华润海中国七期,63,16120,华润物业（大连）有限公司开发区分公司,3.1,辽宁,6,二手房,-
开发区红梅小区19栋-2-1-1号,大连,无开发商,开发区,20190318,29.906498897603264,121.5913630631805,古耕国际酒店公寓,54,10205,街道办事处（居委会）代管物业,3,辽宁,6,二手房,2010
沙河口区西南路851号3单元1层3号,大连,无开发商,沙河口,20190318,38.94344210837944,121.58246796944378,李家街,20,11521,无物业管理服务,0.1,辽宁,6,二手房,1985
甘井子区金家街17-7号,大连,暂无信息,甘井子,20190318,38.97493697764367,121.60110987128529,金二街,39,19184,无物业管理服务,-,辽宁,6,二手房,1970
开发区高新里6栋-8,大连,无开发商,开发区,20190318,39.0710895068195,121.82860134358343,高民里,65,6550,街道办事处（居委会）代管物业,0.2,辽宁,6,二手房,1996
无门店信息,大连,大连万德房地产集团有限公司,开发区,20190318,34.52713835999158,118.76812980670795,万德悦城,96,8061,大连万德物业管理有限公司,1.5,辽宁,6,二手房,2010
无门店信息,大连,暂无信息,甘井子,20190318,34.52713835999158,118.76812980670795,亿达春田蝶园,53,16928,亿达物业管理有限公司,2.2,辽宁,6,二手房,2014
甘井子区泉水D6区51号,大连,大连金广集团,甘井子,20190318,39.00897610161069,121.61789300655198,枫丹丽城,87,15699,大连金广物业有限公司,1.5,辽宁,5,二手房,2012
开发区兴城路29-81层,大连,大连兆佳房地产开发有限公司,开发区,20190318,39.05020829677517,121.7578103751747,自由向,43,13375,大连华安物业管理有限公司,2.4,辽宁,5,二手房,2008
沙河口区黄浦路18号—5号公建,大连,无开发商,高新园区,20190318,38.8771225143479,121.54427480390662,凌源街,21,13440,大连凌电物业管理有限公司,0.1,辽宁,5,二手房,1981
无门店信息,大连,大连乐启房地产开发有限公司,甘井子,20190318,34.52713835999158,118.76812980670795,三寰融创城,94,13184,融创物业,2.2,辽宁,5,二手房,2015
甘井子区千山路26号,大连,大连嘉兴房地产开发有限公司,甘井子,20190318,38.985697948031984,121.58768860037272,千山路,57,11853,无物业管理服务,0.5,辽宁,5,二手房,1989
甘井子区虹城路503号1-1号,大连,大连易和房地产集团有限公司,甘井子,20190318,38.981193588625004,121.49964051837122,岭秀滨城悦和中园,28,16582,大连易兴物业服务有限公司,1.3,辽宁,5,二手房,2009
甘井子区辛寨子街道中冶蓝城辛虹园39-7号公建,大连,大连中冶京诚置业有限公司,甘井子,20190318,38.98155611421408,121.49259383356096,中冶蓝城D区,38,15872,大连添翼物业服务有限公司,2,辽宁,5,二手房,2011
甘井子区柳树南街45-10号,大连,大连都源置业有限公司,甘井子,20190318,38.92567666296449,121.4841330254372,依云溪谷,50,15064,大连远洋物业管理有限公司,1.2,辽宁,5,二手房,2008
大连市开发区左岸经典正恒园1-17,大连,大连神洲众益集团有限公司,开发区,20190318,39.049057070649155,121.76187404250511,万国宫馆二期,104,14220,加拿大高力国际物业服务有限公司,2.4,辽宁,5,二手房,2009
西岗区黄河路90号公建部分,大连,暂无信息,西岗,20190318,38.92234529815978,121.62829331825485,实验小学市场街,44,22249,无物业管理服务,-,辽宁,5,二手房,1990
高新园区火炬路18号,大连,大连联合柏立置业有限公司,高新园区,20190318,38.937738080520404,117.39340752036043,柏悦国际公寓,31,17886,大连柏悦国际公寓管理有限公司,3.5,辽宁,5,二手房,2012
开发区兴城路29-81层,大连,大连亿锋房地产实业有限公司,开发区,20190318,39.05020829677517,121.7578103751747,亿锋广场二期,46,14648,大连广恒物业管理有限公司,2.5,辽宁,5,二手房,2015
甘井子区祥龙街2号楼1单元1楼1号,大连,大连美辰房地产开发有限公司,甘井子,20190318,38.988045874482445,121.60439401971377,美辰香醒,53,15808,大连众和物业管理有限公司,1.4,辽宁,5,二手房,2012
甘井子区红旗西路104-23,大连,大连鹏德房屋开发有限公司,甘井子,20190318,38.94011738361669,121.52831049836651,逸林派,27,14889,大连三和住邦物业管理有限公司,1.6,辽宁,5,二手房,2011
沙河口区星海广场B3区14-2号1层,大连,大连友谊合升房地产开发有限公司,沙河口,20190318,38.88693148294673,121.58735631267305,壹品星海公寓,28,17747,大连富丽华物业管理有限公司,1.5,辽宁,5,二手房,2003
沙河口区西南路161号,大连,无开发商,沙河口,20190318,38.89269676588945,121.56639953951542,孙家沟,62,12258,无物业管理服务,-,辽宁,5,二手房,1990
甘井子区泉水D1区37-7号,大连,大连运腾房地产开发有限公司,甘井子,20190318,39.013992871679214,121.61921940045104,锦泉源D3区,61,12607,大连南虹物业管理有限公司,0.5,辽宁,5,二手房,2007
甘井子区佳林北园2-7号,大连,大连瑞泰祥房地产开发有限公司,甘井子,20190318,38.96331610956877,121.52802328494242,缇香漫城,48,20405,大连瑞泰祥物业服务有限公司,2,辽宁,5,二手房,2013
中山区解放路604号,大连,大连雅风房屋开发有限公司,中山,20190318,38.89026319122045,121.66407876092346,秀月风景,4,17202,大连风景物业管理有限公司,1,辽宁,5,二手房,1996
中山区秀月街37号1层2号,大连,无开发商,西岗,20190318,38.88757907576307,121.66311065527876,桃源小学,21,14595,无物业管理服务,-,辽宁,5,二手房,1990
甘井子区金北路17号,大连,暂无信息,甘井子,20190318,38.97553393692831,121.59969720502335,金二小学南,36,19481,无物业管理服务,-,辽宁,5,二手房,1976
开发区景和园1-7,大连,无开发商,开发区,20190318,30.41892168817929,120.30896459202738,古耕景和园,33,9443,街道办事处（居委会）代管物业,0.5,辽宁,5,二手房,2008
开发区高新里6栋-8,大连,无开发商,开发区,20190318,39.0710895068195,121.82860134358343,怡海花园二期,24,7734,街道办事处（居委会）代管物业,0.2,辽宁,5,二手房,2002
大连市金州新区中长街道碧海尚城5-4号1-2层,大连,大连集品置业有限公司,金州,20190318,39.1001690968934,121.73061017121415,东林世家,37,14998,大连百安物业管理有限公司,1,辽宁,5,二手房,2008
无门店信息,大连,大连九城房地产开发有限公司,开发区,20190318,34.52713835999158,118.76812980670795,新城丽景,15,10091,大连恒瑞物业管理有限公司,1.2,辽宁,5,二手房,2015
甘井子区玉丽街2号楼1单元4号公建,大连,大连新型房地产开发有限公司,甘井子,20190318,38.98705071699301,121.55513043130172,泡崖康馨园,33,10208,大连新兴物业管理有限公司,0.2,辽宁,5,二手房,2004
沙河口区锦石路8号,大连,大连运腾房地产开发有限公司,沙河口,20190318,38.94771288948481,121.56110903658733,锦云南园,59,9738,大连锦绣物业管理有限公司,0.3,辽宁,5,二手房,1996
甘井子区虹港路16号楼1层公建,大连,亿达房地产开发有限公司,甘井子,20190318,38.96457808198196,121.55421052098279,虹港路（机场商圈）,33,12145,亿达物业管理有限公司,0.2,辽宁,5,二手房,1996
西岗区鞍山路29号龙畔锦城东门,大连,无开发商,西岗,20190318,38.92763470697088,121.61498923399098,铁路西站,16,12109,无物业管理服务,-,辽宁,5,二手房,1981
大连经济技术开发区东城天下98-14,大连,大连富远房地产开发有限公司,开发区,20190318,39.069195091289004,121.8502099927954,一河两公园,53,10036,大连锦明物业服务有限公司,1.7,辽宁,5,二手房,2016
沙河口区西南路40号楼,大连,无开发商,沙河口,20190318,38.94141605900714,121.58612100465703,尖山街,13,12979,无物业管理服务,-,辽宁,5,二手房,1990
甘井子区虹港路16号楼1层公建,大连,无开发商,甘井子,20190318,38.96457808198196,121.55421052098279,迎客路（机场商圈）,41,11607,街道办事处（居委会）代管物业,0.2,辽宁,5,二手房,1990
开发区安盛里5栋-4,大连,大连华宇房地产开发有限公司,开发区,20190318,23.112106678834838,113.27801046214822,叠翠花香,26,9230,大连经济技术开发区永嘉物业管理有限公司,0.5,辽宁,5,二手房,2000
沙河口区西南路643号,大连,无开发商,沙河口,20190318,38.943483429804665,121.5833555851182,北甸街,48,11257,无物业管理服务,-,辽宁,5,二手房,1985
沙河口区富国街34-3,大连,无开发商,沙河口,20190318,38.90160386349964,121.58915317342193,星海街,30,11722,无物业管理服务,-,辽宁,5,二手房,1990
沙河口区联合路133号,大连,大连新型房地产开发有限公司,沙河口,20190318,38.91608561262676,121.60480987310456,21中天兴花园一期,27,19016,大连万泰物业管理有限公司,0.5,辽宁,4,二手房,1998
中山区碧浪园4号-3号,大连,大连万达房地产开发有限公司,中山,20190318,38.89147289460474,121.69329560326236,虎滩路,44,12824,大连虎滩置业物业管理有限公司,0.2,辽宁,5,二手房,1999
沙河口区前程街46号4—1—2号,大连,大连渤海红旗集团有限公司,甘井子,20190318,38.921778341674376,121.58261780680284,前程街,38,11090,渤海吉祥物业管理有限公司,0.4,辽宁,4,二手房,2000
西岗区鞍山路29号龙畔锦城东门,大连,大连凯润房屋开发有限公司,西岗,20190318,38.92763470697088,121.61498923399098,景润一期,34,11895,无物业管理服务,-,辽宁,4,二手房,2000
开发区润海园中区62-9,大连,大连金广嘉亿置地有限公司,开发区,20190318,39.04047273176333,121.76392358042445,大连海湾城一期,100,12425,大连金广物业服务有限公司,2.6,辽宁,4,二手房,2012
甘井子区哲林北园17-6号,大连,大连亿达美加房地产开发有限公司,甘井子,20190318,38.9600267109581,121.53876726228256,第五郡三号地,61,29634,亿达物业管理有限公司,2.2,辽宁,4,二手房,2012
无门店信息,大连,大连亚联房地产开发有限公司,甘井子,20190318,34.52713835999158,118.76812980670795,翡翠春城,69,14586,大连亚联物业管理有限公司,1.6,辽宁,4,二手房,2012
沙河口区星海广场B3区20—3号,大连,大连亿达房地产股份有限公司,沙河口,20190318,38.888054001818844,121.58662952422732,亿达杰特,107,19655,亿达物业管理有限公司,3.8,辽宁,4,二手房,2005
开发区润海园中区65-7号1-2号,大连,华润（大连）房地产有限公司,开发区,20190318,39.04047273176333,121.76392358042445,华润海中国五期,85,14388,华润物业（大连）有限公司,3.1,辽宁,4,二手房,2015
开发区兴城路29-81层,大连,大连亿锋房地产实业有限公司,开发区,20190318,39.05020829677517,121.7578103751747,亿锋广场一期,105,14842,大连广恒物业管理有限公司,2.5,辽宁,4,二手房,2013
甘井子区宜居园10-1号房屋,大连,大连万科房地产开发有限公司,甘井子,20190318,39.000039431463165,121.52111738616489,万科朗润园,107,14872,大连万科物业服务有限公司,1.5,辽宁,4,二手房,2010
沙河口区锦石园24-7号第A2-13幢1单元1层1号,大连,大连鼎新房地产开发有限公司,甘井子,20190318,38.921778341674376,121.58261780680284,鼎新鼎润府,28,19510,大连中原物业代理有限公司,0.6,辽宁,4,二手房,2006
金州新区润海园中区18#2号,大连,华润置地（大连）有限公司,开发区,20190318,39.04047273176333,121.76392358042445,华润海中国二期,132,14368,华润物业（大连）有限公司,2.8,辽宁,4,二手房,2011
大连市甘井子区丰收路3-5号,大连,大连邦德房屋开发有限公司,甘井子,20190318,38.965377255081755,121.58288415324094,芙蓉人家,57,16548,大连广丰物业管理有限公司,0.5,辽宁,4,二手房,2002
高新园敬贤街23-11号,大连,中海东丰地产（大连）有限公司,高新园区,20190318,38.86956637166276,121.5301657390922,中海紫御观邸三期,31,20708,大连中海物业管理有限公司,2.6,辽宁,4,二手房,2014
沙河口区黄河路535号,大连,大连城市建设集团有限公司,沙河口,20190318,38.91773777159567,121.60217159922856,79中金光小区,44,26096,无物业管理服务,-,辽宁,4,二手房,1993
沙河口区绿清街12号,大连,大连中海新城置业有限公司,沙河口,20190318,38.93851335419565,121.57334844377094,中海英伦观邸,49,23619,大连中海物业管理有限公司,1.8,辽宁,4,二手房,2009
甘井子区红凌路109号,大连,大连锦联地产集团有限公司,甘井子,20190318,38.923388478439314,121.54860212120927,锦绣暖山,70,14575,大连锦明物业服务有限公司,1.2,辽宁,4,二手房,2007
甘井子区汇达园26号,大连,北亚实业集团股份有限公司大连开发区分公司,甘井子,20190318,38.99704654604941,121.59758808878767,北府花园,58,16998,大连优豪斯物业管理有限公司,0.5,辽宁,4,二手房,2006
大连市经济技术开发区东城园98-14,大连,大连聚美房地产开发有限公司,开发区,20190318,39.0695450284039,121.85051433870218,聚美东湾,49,11994,大连聚美房地产开发有限公司,1.6,辽宁,4,二手房,2016
大连市开发区裕民新苑42-7,大连,无开发商,开发区,20190318,39.070771020021674,121.85093056856022,澳东世纪,26,11237,街道办事处（居委会）代管物业,0.5,辽宁,4,二手房,2013
大连市甘井子区银田北园14号,大连,暂无信息,甘井子,20190318,38.9742441034389,121.47189841879823,亿达春田银杏园,57,19120,亿达物业管理有限公司,2.2,辽宁,4,二手房,2011
中山区武昌街武昌公寓6号公建,大连,暂无信息,中山,20190318,38.912280913445784,121.64921130527547,学府林居,26,10763,暂无信息,1,辽宁,4,二手房,2000
中山区中南路店212号门头房,大连,无开发商,中山,20190318,38.91149759691359,121.67700561077149,中南路,48,13351,街道办事处（居委会）代管物业,-,辽宁,4,二手房,1989
沙河口区五一路110-4号,大连,大连大重房屋开发有限公司,沙河口,20190318,38.90710946686282,121.58172564480427,星台花园一期,29,16062,大连大重房屋开发公司物业管理中心,-,辽宁,4,二手房,1998
大连市甘井子区泉水N2区3-13号,大连,大连金广地产集团有限公司,甘井子,20190318,39.021116079001885,121.64659997607325,泉水N3区,79,10679,无物业管理服务,0.7,辽宁,4,二手房,2000
高新园敬贤街23-11号,大连,大连晟远房地产开发有限公司,高新园区,20190318,38.86956637166276,121.5301657390922,恒瑞坦城,62,17737,大连恒德物业服务有限公司,2.4,辽宁,4,二手房,2015
"西岗区泰公街20号2层7号 西岗区久寿街22号1层14号""",大连,大连万达房地产开发有限公司,西岗,20190318,38.92600196862723,121.62141976476381,万达高层,22,11559,大连白云物业管理公司,0.3,辽宁,4,二手房,1995
甘井子区泉水B2区19-1号,大连,大连运达房地产集团有限公司,甘井子,20190318,39.0101309886317,121.60812584213187,锦泉源B1区,54,13103,大连佳泰物业管理有限公司,0.5,辽宁,4,二手房,2001
高新园区硅谷假日小区25号楼地下室,大连,暂无信息,高新园区,20190318,38.865995717263544,121.53771220335938,硅谷假日公寓,16,15004,大连斌弘物业管理有限公司,1.5,辽宁,4,二手房,2005
中山区碧浪园4号-3号,大连,大连三寰房地产开发有限公司,中山,20190318,38.89147289460474,121.69329560326236,碧浪园一期,32,13673,大连峰霖物业管理有限公司,0.3,辽宁,4,二手房,1999
开发区润海园中区18#2号,大连,华润（大连）房地产有限公司,开发区,20190318,39.04047273176333,121.76392358042445,华润海中国六期,44,14479,华润物业（大连）有限公司,3.1,辽宁,4,二手房,2016
甘井子区山东路398号,大连,华润置地（大连）开发有限公司,甘井子,20190318,38.99821826443242,121.59274974973462,华润置地广场三期,50,22071,华润物业（大连）有限公司,2.9,辽宁,4,二手房,2016
甘井子区锦城东园1号3单元1层2号,大连,大连鹏生房地产开发有限公司,甘井子,20190318,38.952805477462775,121.55656194973994,鹏辉新纪元,17,16610,大连鹏辉物业管理有限公司,0.5,辽宁,4,二手房,2006
大连经济技术开发区时代城4-3号1-2号,大连,暂无信息,开发区,20190318,39.0992481321252,121.83007860699459,摩宿公寓,44,7658,大连远洋基业物业管理有限公司,1.5,辽宁,4,二手房,2012
沙河口区五一路270-274号,大连,无开发商,高新园区,20190318,38.89104111985908,121.55325426578435,由家村,26,12414,无物业管理服务,-,辽宁,4,二手房,1990
甘井子区芳韵街31号,大连,亿达集团大连房地产开发有限公司,甘井子,20190318,38.95628814568166,121.59125586946814,亿达世纪城,46,24105,亿达物业管理有限公司,0.9,辽宁,3,二手房,2002
甘井子金地艺境博艺西园2-1号,大连,暂无信息,甘井子,20190318,39.04402110608829,121.665484498555,欣家园一期,24,9135,街道办事处（居委会）代管物业,-,辽宁,4,二手房,-
无门店信息,大连,大连顺浩置业有限公司,开发区,20190318,34.52713835999158,118.76812980670795,上品公馆,16,8251,大连顺浩置业物业有限公司,3.8,辽宁,4,二手房,2013
无门店信息,大连,大连中连房地产开发有限公司,金州,20190318,34.52713835999158,118.76812980670795,憬园河畔,48,7502,大连新生活物业管理有限公司,0.5,辽宁,4,二手房,2000
中山区高尚路28-1号,大连,无开发商,中山,20190318,38.892673425111305,121.67148833870213,高家沟,22,10365,大连景山物业管理有限公司,0.5,辽宁,4,二手房,1996
金州新区先进街道五一路350-1号1-2层,大连,大连市金州区育才房地产开发有限公司,金州,20190318,39.095023587156554,121.74333264248519,康居小区,52,7442,街道办事处（居委会）代管物业,-,辽宁,4,二手房,1998
甘井子区玉丽街2号楼1单元4号公建,大连,暂无信息,甘井子,20190318,38.98705071699301,121.55513043130172,玉山路,24,10301,大连新兴物业管理有限公司,0.5,辽宁,4,二手房,2002
甘井子区玉丽街2号楼1单元4号公建,大连,暂无信息,甘井子,20190318,38.98705071699301,121.55513043130172,玉意街,40,9753,大连新兴物业管理有限公司,0.3,辽宁,4,二手房,2002
甘井子区华东路33-5号,大连,暂无信息,甘井子,20190318,38.97497080220593,121.59479866243332,松江路（80中）,23,12522,大连新华物业管理有限公司,-,辽宁,4,二手房,1993
西岗区新田巷27号1-2,大连,无开发商,西岗,20190318,38.893215932589385,121.64103065169111,新田巷,7,10914,无物业管理服务,-,辽宁,4,二手房,1992
中山区民运巷 47号1层2号,大连,无开发商,中山,20190318,38.905955122300846,121.64798148011702,西山巷,19,10539,无物业管理服务,0.3,辽宁,4,二手房,1992
无门店信息,大连,大连金地房地产开发有限公司,金州,20190318,34.52713835999158,118.76812980670795,金地新里程,43,6713,大连金铭物业管理有限公司,0.8,辽宁,4,二手房,2008
甘井子区金家街17-7号,大连,暂无信息,甘井子,20190318,38.97493697764367,121.60110987128529,金四街,45,19853,无物业管理服务,-,辽宁,4,二手房,1960
大连经济技术开发区同和里7栋-9号,大连,无开发商,开发区,20190318,39.04901984220615,121.7885236929847,新星里,42,7708,大连广谊物业管理有限公司,0.3,辽宁,4,二手房,2003
甘井子区泉水K4区1号2单元1层1号,大连,暂无信息,甘井子,20190318,39.01482019232349,121.63242049308988,龙畔金泉五期K3区,38,13396,大连新兴物业管理有限公司,0.5,辽宁,4,二手房,2008
大连市甘井子区泉水N2区3-13号,大连,暂无信息,甘井子,20190318,39.021116079001885,121.64659997607325,泉水N1区,93,9718,无物业管理服务,0.7,辽宁,4,二手房,2008
大连市甘井子区椒房街24号楼2-104链家地产,大连,无开发商,甘井子,20190318,38.985363789837166,121.61034055597686,椒房,79,13839,无物业管理服务,0.5,辽宁,4,二手房,1985
甘井子区泉水B2区19-1号,大连,大连金广集团,甘井子,20190318,39.0101309886317,121.60812584213187,金色阳光家园,42,13582,大连金广物业服务有限公司,0.5,辽宁,3,二手房,2002
金州区同济路44号,大连,大连峰景房地产开发有限公司,金州,20190318,39.10476859984152,121.71234684495865,峰景西海岸,44,8954,大连峰景物业有限公司,0.8,辽宁,4,二手房,2009
沙河口区前程街46号4—1—2号,大连,大连欧兰房地产开发有限公司,甘井子,20190318,38.921778341674376,121.58261780680284,耕海山尚,19,17482,大连耕海物业管理有限公司,1.5,辽宁,3,二手房,2010
沙河口区星海广场B3区14-9,大连,大连友谊合升房地产开发有限公司,沙河口,20190318,38.887408126588866,121.58732762887982,壹品星海三期,46,24325,大连友谊物业服务有限公司,1.9,辽宁,3,二手房,2007
无门店信息,大连,大连顺迈房地产开发有限公司,沙河口,20190318,34.52713835999158,118.76812980670795,星海国宝,45,20934,长城物业集团股份有限大连分公司,3,辽宁,3,二手房,2003
甘井子区泉水H3区15号3单元1层2号,大连,大连新型房地产开发有限公司,甘井子,20190318,39.00158439075201,121.62616882572375,龙畔金泉四期,72,13218,大连新型物业管理有限公司,0.4,辽宁,3,二手房,2005
西岗区九三街64号,大连,润德集团有限公司,西岗,20190318,38.92094787642578,121.62081970746283,润德广场,49,15446,大连润德物业管理有限公司,3.8,辽宁,3,二手房,2011
高新园区火炬路18号,大连,大连千业房地产开发有限公司,高新园区,20190318,38.937738080520404,117.39340752036043,第8区,38,17664,大连大管家物业管理有限公司,1.9,辽宁,3,二手房,2012
无门店信息,大连,大连软件园瑞安发展有限公司,高新园区,20190318,34.52713835999158,118.76812980670795,大连天地悦翠台,72,15470,暂无信息,1,辽宁,3,二手房,2013
大连市甘井子区钻石湾和信园13-5,大连,远洋地产有限公司,甘井子,20190318,38.95806887148857,121.62117199773128,远洋钻石湾一期,91,23306,大连远洋基业物业管理有限公司,2.7,辽宁,3,二手房,2014
甘井子区汇仁街22号,大连,大连铁龙房地产开发有限公司,甘井子,20190318,38.99712640764999,121.58834420439493,动力院景一期汇仁南园,18,16179,大连铁龙安居物业管理有限公司,0.7,辽宁,3,二手房,2006
甘井子辛吉街150号-7号,大连,大连新星房地产开发有限公司,甘井子,20190318,38.96309956105142,121.52341678860995,新星帕尔美娜,37,15149,大连生生物业有限公司,1,辽宁,3,二手房,2009
开发区润海园中区18#2号,大连,大连布鲁科房地产开发有限公司,开发区,20190318,39.04047273176333,121.76392358042445,热岛黄金海岸,166,11032,大连戴德梁行物业管理有限公司,1.6,辽宁,3,二手房,2010
沙河口区绿清街12号,大连,大连绿波房屋开发集团有限公司,沙河口,20190318,38.93851335419565,121.57334844377094,绿香花园,20,13163,大连大伟物业管理有限公司,0.4,辽宁,3,二手房,2001
甘井子区泉水D1区37-7号,大连,大连运腾房地产开发有限公司,甘井子,20190318,39.013992871679214,121.61921940045104,锦泉源D1区,72,13889,大连嘉合物业管理有限公司,0.5,辽宁,3,二手房,2005
大连市甘井子区丰收路3-5号,大连,大连万鼎置业有限公司,甘井子,20190318,38.965377255081755,121.58288415324094,万科蓝山,31,27017,大连万科物业服务有限公司,2.9,辽宁,3,二手房,2015
甘井子区山东路315号14栋1单元1跃2层13号,大连,华润置地（大连）有限公司,甘井子,20190318,39.00206212579579,121.59357231641214,华润置地广场二期,49,20739,华润物业（大连）有限公司,2.9,辽宁,3,二手房,2013
西岗区平等街21号1层2号,大连,无开发商,西岗,20190318,38.92251066253164,121.63236845125735,实验小学同庆街,69,22311,无物业管理服务,-,辽宁,3,二手房,1990
沙河口区昌黎街22号,大连,大连城市建设集团有限公司,沙河口,20190318,38.91975785098891,121.59109628369768,天兴罗斯福,54,15767,大连天兴物业管理有限公司,1.6,辽宁,3,二手房,2004
高新园区敬贤街25-9,大连,大连海逸房地产开发有限公司,高新园区,20190318,38.86877373541043,121.52975162654023,海逸诺丁山,25,19935,大连耕海物业服务有限公司,2.5,辽宁,3,二手房,2015
中山区秀月街37号1层2号,大连,无开发商,中山,20190318,38.88757907576307,121.66311065527876,秀月小区,29,16733,无物业管理服务,0.5,辽宁,3,二手房,1982
大连市甘井子区软件园路122号,大连,大连理工科技城建设开发有限公司,高新园区,20190318,38.89286578891647,121.53266600180116,理工园,15,13904,街道办事处（居委会）代管物业,1,辽宁,3,二手房,2000
大连市甘井子区融田西园52-11,大连,大连圣安房地产开发有限公司,甘井子,20190318,38.95546176066109,121.5285003794903,亿达春田晴湾,60,17309,亿达物业管理有限公司,2.2,辽宁,3,二手房,2013
沙河口区兰田街33号,大连,大连万合房地产开发有限公司,沙河口,20190318,38.926138912221084,121.56486022834609,万合新家园,5,17619,大连佳宜物业管理有限公司,0.6,辽宁,3,二手房,2004
沙河口区黑石礁街5号1层1号,大连,无开发商,沙河口,20190318,38.879813345473714,121.56313742300513,黑石礁广场,28,13499,无物业管理服务,-,辽宁,3,二手房,1992
中山区爱华街13号,大连,无开发商,中山,20190318,38.92541607518685,121.6535728031028,39中安阳街,32,26286,无物业管理服务,-,辽宁,3,二手房,1993
沙河口区昌黎街77号楼第1层公建,大连,大连金新房地产开发有限公司,沙河口,20190318,38.91974518366595,121.5902918379551,福佳新天地,70,14455,大连福佳物业管理有限公司,1.8,辽宁,3,二手房,2003
中山区爱华街13号,大连,无开发商,中山,20190318,38.92541607518685,121.6535728031028,九中一德街,12,41498,无物业管理服务,-,辽宁,3,二手房,1984
红星海A区126-4,大连,远洋地产有限公司,开发区,20190318,39.027851194371685,121.80327394132297,红星海一期城市别馆,88,13674,大连远洋基业物业管理有限公司,2,辽宁,3,二手房,2010
高新园区海苑街36号1单元2号公建,大连,大连海苑房屋开发有限公司,高新园区,20190318,20.06392317589085,110.32302599457326,海苑花园,21,14117,大连家园物业有限公司,0.3,辽宁,3,二手房,2000
高新园区敬贤街25-9,大连,大连东盛房地产开发有限公司,高新园区,20190318,38.86877373541043,121.52975162654023,东盛启城,26,17186,大连东盛物业管理有限公司,2.3,辽宁,3,二手房,2012
大连市甘井子区辛如街35号1单元1层1号,大连,大连新星房地产开发有限公司,甘井子,20190318,38.96862607066881,121.52294869064194,新星绿城六期,33,14888,大连生生物业管理有限公司,1,辽宁,3,二手房,2008
中山区三八广场5号,大连,无开发商,中山,20190318,38.92540000551715,121.6642911149562,良运四季汇,60,22494,大连良运物业管理有限公司,0.8,辽宁,3,二手房,2010
沙河口区展望街29,大连,大连嘉源置业发展有限公司,沙河口,20190318,38.93473052900021,121.57390298303343,御园,47,18217,大连御博物业,2,辽宁,3,二手房,2015
大连市高新园区七贤中路63号,大连,大连全统房地产开发有限公司,高新园区,20190318,38.86053006357667,121.53273606963094,君海阁,15,18858,大连城建开发集团物业管理有限公司,2.2,辽宁,3,二手房,2013
大连市甘井子区七贤路8-3号,大连,大连万达商业地产有限公司,高新园区,20190318,38.86659077085588,121.5392980566355,万达海景公寓,98,13853,大连万达物业管理有限公司,2.9,辽宁,3,二手房,2013
甘井子区泉水E1区27号-3公建,大连,大连时代房地产开发有限公司,甘井子,20190318,39.002846129004375,121.61312453141336,泉水友好园,26,13109,大连爱静物业服务有限公司,0.5,辽宁,3,二手房,1998
开发区安盛里5栋-4,大连,大连万晟房地产开发有限公司,开发区,20190318,23.112106678834838,113.27801046214822,宜家大院,20,8558,大连万晟置业有限公司,0.8,辽宁,3,二手房,2002
中山区武昌街武昌公寓6号公建,大连,无开发商,中山,20190318,38.912280913445784,121.64921130527547,气象街,16,21640,街道办事处（居委会）代管物业,0.5,辽宁,3,二手房,1989
无门店信息,大连,大连航宇房屋开发有限公司,甘井子,20190318,34.52713835999158,118.76812980670795,西郊棠梨园,14,11595,渤海吉祥物业管理有限公司,0.5,辽宁,3,二手房,2007
金州区鹏程家园53#-8,大连,大连软微房地产开发有限公司,开发区,20190318,39.0348243693741,121.81226722991913,深蓝半英里,23,9907,大连豪斯威物业管理有限公司,1.2,辽宁,3,二手房,2007
沙河口区华北路448号楼1-4公建,大连,无开发商,甘井子,20190318,38.903224944733765,121.56809734950556,周山街,14,15524,街道办事处（居委会）代管物业,0.5,辽宁,3,二手房,1989
开发区湾里南12栋-16-17-18号,大连,大连金湾实业有限公司,开发区,20190318,39.070782084451,121.8506739675913,湾里西,53,7550,广宜物业有限公司,0.2,辽宁,3,二手房,2003
沙河口区黑石礁街3号1层1-1号,大连,大连辰熙房地产开发有限公司,沙河口,20190318,38.880058010307856,121.56313403908827,辰熙星海国际,23,15949,大连世邦友好物业管理有限公司,2.2,辽宁,3,二手房,2006
甘井子区山东路127-2号,大连,大连市大钢集团,甘井子,20190318,38.99065559549029,121.59126483545545,苍山路,32,12287,街道办事处（居委会）代管物业,0.5,辽宁,3,二手房,1989
甘井子区祥龙街2号楼1单元1楼1号,大连,大连宏孚房屋开发有限公司,甘井子,20190318,38.988045874482445,121.60439401971377,宏孚小区,30,10410,无物业管理服务,-,辽宁,3,二手房,1995
甘井子区玉云路27-3-1-3,大连,大连新型房地产开发有限公司,甘井子,20190318,38.97896234099927,121.55865563488358,泡崖三区,50,10469,大连新兴物业管理有限公司,0.5,辽宁,3,二手房,1995
甘井子区玉丽街2号楼1单元4号公建,大连,大连新型房地产开发有限公司,甘井子,20190318,38.98705071699301,121.55513043130172,泡崖康居园,49,10287,大连新兴物业管理有限公司,0.5,辽宁,3,二手房,2000
无门店信息,大连,大连安邦房地产开发有限公司,甘井子,20190318,34.52713835999158,118.76812980670795,安邦阳光润城,27,13315,无物业管理服务,-,辽宁,3,二手房,2011
沙河口区红凌路137号,大连,大连大实企业集团房屋开发有限公司,甘井子,20190318,38.922699288974506,121.54713601744747,泊林阳光B区,6,13944,大连弘实物业管理有限公司,0.6,辽宁,3,二手房,2007
沙河口区西南路643号,大连,无开发商,沙河口,20190318,38.943483429804665,121.5833555851182,恒达花园（沙河口）,13,11585,无物业管理服务,-,辽宁,3,二手房,1990
开发区兴城路29-81层,大连,大连华宇房地产开发有限公司,开发区,20190318,39.05020829677517,121.7578103751747,华宇梧桐苑,17,12932,大连永嘉物业管理公司,1.9,辽宁,3,二手房,2013
大连市甘井子区七贤路8-3号,大连,大连树源世嘉房地产开发有限公司,高新园区,20190318,38.86659077085588,121.5392980566355,国滨馆,14,24287,大连树源物业管理有限公司,3.5,辽宁,3,二手房,2015
沙河口区西南路643号,大连,无开发商,沙河口,20190318,38.943483429804665,121.5833555851182,西关街,35,11420,无物业管理服务,-,辽宁,3,二手房,1995
开发区松苑街23号,大连,大连泰乐房地产开发有限公司,开发区,20190318,22.52087710763645,113.40156104777168,碧海华庭,46,6743,大连海滨物业管理有限公司,0.5,辽宁,3,二手房,2005
开发区黄海西路201号107公建,大连,无开发商,开发区,20190318,39.04942604506828,121.80126318235419,岗盛里小区,99,6763,街道办事处（居委会）代管物业,0.5,辽宁,3,二手房,1995
开发区东北三街94号1层,大连,大连万瑞达房地产投资有限公司,开发区,20190318,39.05723508011585,121.80570768630555,万瑞达国际公馆,18,7915,大连万瑞达物业管理公司,1.2,辽宁,3,二手房,2012
开发区景和园1-7,大连,开发区城建局,开发区,20190318,30.41892168817929,120.30896459202738,小孤山东里,76,6350,大连广谊物业管理有限公司,0.4,辽宁,3,二手房,2000
中山区高尚路28-1号,大连,大连锦绣房地产开发有限公司,中山,20190318,38.892673425111305,121.67148833870213,高云街,15,8927,街道办事处（居委会）代管物业,0.3,辽宁,3,二手房,1994
无门店信息,大连,暂无信息,旅顺口,20190318,34.52713835999158,118.76812980670795,金川家园,9,11267,暂无信息,-,辽宁,3,二手房,-
大连市沙河口区西南路875号1层21号,大连,无开发商,沙河口,20190318,38.94485969061231,121.58418648447764,西南路（春柳商圈）,11,10770,大连三宝物业有限公司,0.5,辽宁,3,二手房,1990
金州区南棉路310号,大连,无开发商,金州,20190318,39.09939229372624,121.72414976100345,胜利小区,63,7843,无物业管理服务,0.5,辽宁,3,二手房,1986
开发区红梅小区19栋-2-1-1号,大连,大开中和祥房地产开发有限公司,开发区,20190318,29.906498897603264,121.5913630631805,金丰大厦,37,9783,新加坡物业管理有限公司,1.9,辽宁,3,二手房,2012
沙河口区华北路404号,大连,无开发商,沙河口,20190318,38.8862815932937,121.59082948696123,华北路（春柳商圈）,9,10419,街道办事处（居委会）代管物业,0.1,辽宁,3,二手房,1981
甘井子区甘井子路32号楼1单元1楼9号,大连,无开发商,甘井子,20190318,38.982488275116516,121.63345389253514,杨柳街,10,10592,街道办事处（居委会）代管物业,0.5,辽宁,3,二手房,1998
无门店信息,大连,大连金宸集团,金州,20190318,34.52713835999158,118.76812980670795,金宸联郡,15,8754,大连四通物业管理有限公司,1.4,辽宁,3,二手房,2015
开发区东北三街94号1层,大连,大连同济房地产开发有限公司,开发区,20190318,39.05723508011585,121.80570768630555,新东方公寓三期,67,6682,大连同济物业管理有限公司,1.5,辽宁,3,二手房,2009
开发区高新里6栋-8,大连,无开发商,开发区,20190318,39.0710895068195,121.82860134358343,高志里小区,38,6370,街道办事处（居委会）代管物业,0.3,辽宁,3,二手房,1993
甘井子区西南路979-7号公建,大连,暂无信息,甘井子,20190318,38.96275592929325,121.5958698791777,八十中周家街,59,16742,街道办事处（居委会）代管物业,0.2,辽宁,3,二手房,1990
金州区光明街道育才街42-6号1-2层,大连,大连市金州区育才房地产开发有限公司,金州,20190318,39.109080894078986,121.7182584929096,职高小区,41,8804,大连金州育才物业管理有限公司,0.5,辽宁,3,二手房,1996
西岗区新田巷27号1-2,大连,无开发商,西岗,20190318,38.893215932589385,121.64103065169111,新河街,13,11242,无物业管理服务,-,辽宁,3,二手房,1995
西岗区胜利路33号,大连,暂无信息,西岗,20190318,38.91309771954841,121.62500886627636,34中胜利路,19,28308,无物业管理服务,0.5,辽宁,2,二手房,1985
甘井子区汇仁街22号,大连,中铁建（大连）置业有限公司,甘井子,20190318,38.99712640764999,121.58834420439493,动力院景三期汇善园,42,15252,大连铁龙安居物业管理有限公司,0.9,辽宁,2,二手房,2007
中山区杏林街66—5号,大连,大连万达房地产开发有限公司,中山,20190318,38.9244189768098,121.6630029448549,湖畔小区,42,23233,大连万达物业管理有限公司,0.2,辽宁,2,二手房,1995
沙河口区黄河路535号,大连,大连城市建设集团有限公司,沙河口,20190318,38.91773777159567,121.60217159922856,79中至诚小区,44,27683,大连天河物业管理有限公司,0.1,辽宁,2,二手房,1958
中山区东港龙湖水晶郦湾7-102,大连,大连金广地产集团有限公司,中山,20190318,38.924700620463895,121.70344398518496,金广东海岸,78,23864,大连金广物业有限公司,2.2,辽宁,2,二手房,2009
高新园区红凌路732-4号,大连,大华集团大连置业有限公司,高新园区,20190318,38.90158813547366,121.53265954348016,大华锦绣华城一期,45,25180,大连大华物业管理有限公司,2.5,辽宁,2,二手房,2010
甘井子区海口路77-4号公建,大连,大连圣韬房地产开发有限公司,甘井子,20190318,38.960286398428124,121.60305183172997,万福居,48,18639,大连圣韬物业管理有限公司,0.5,辽宁,2,二手房,2006
大连市沙河口区知邻街50号,大连,大连软件园开发有限公司,沙河口,20190318,38.921778341674376,121.58261780680284,宅语原,46,21019,亿达物业管理有限公司,2,辽宁,2,二手房,2008
中山区北斗街53号1层1号,大连,大连运达房地产集团有限公司,中山,20190318,38.92727355733075,121.67002970974048,运达嘉洲阳光,26,19001,大连运达物业有限公司,1.8,辽宁,2,二手房,2007
沙河口区恒利园42号-8,大连,大连天河房地产开发集团有限公司,沙河口,20190318,38.93357562498634,121.57914091532649,天河新苑,30,12497,大连天河物业管理有限公司,0.4,辽宁,2,二手房,2000
高新园区海苑街30号1单元1号公建,大连,大连大有文园房屋开发有限公司,高新园区,20190318,20.06392317589085,110.32302599457326,大有文园,64,18108,大连大有恬园物业管理有限公司,2,辽宁,2,二手房,2012
沙河口区五一路110-4号,大连,大连亿达房地产股份有限公司,沙河口,20190318,38.90710946686282,121.58172564480427,兰亭山水,33,20925,亿达物业管理有限公司,0.6,辽宁,2,二手房,2003
西岗区鞍山路29号龙畔锦城东门,大连,大连铁路房地产开发有限责任公司,西岗,20190318,38.92763470697088,121.61498923399098,龙畔锦城,42,20040,大连亚航物业管理有限公司,1.2,辽宁,2,二手房,2009
中山区中青街87号一单元107,大连,大连亿达房地产股份有限公司,中山,20190318,38.90213494248529,121.65806522267005,青云林海,49,21574,亿达物业管理有限公司,1,辽宁,2,二手房,2001
甘井子区西南路979-7号公建,大连,无开发商,甘井子,20190318,38.96275592929325,121.5958698791777,八十中,0,14351,街道办事处（居委会）代管物业,0.9,辽宁,2,二手房,1999
西岗区中山路158号唐山街市场外14号,大连,大连胜利路拓宽改造工程建设有限公司,西岗,20190318,38.91835355789945,121.63274981188985,星海绿山城,36,29978,无物业管理服务,1.5,辽宁,2,二手房,2015
沙河口区五一路177-1-1-1,大连,大华集团大连房地产开发有限公司,沙河口,20190318,38.90485271510574,121.57313607267041,大华御庭,49,22565,大连乐尔居物业服务有限公司,1.4,辽宁,2,二手房,2009
甘井子区哲林北园17-6号,大连,大连恒德房屋开发有限公司,甘井子,20190318,38.9600267109581,121.53876726228256,恒德橄榄季,63,21956,大连恒德物业服务有限公司,1.4,辽宁,2,二手房,2009
沙河口区新生路万客园3-7,大连,大连万科锦绣花城开发有限公司,沙河口,20190318,38.94412875710208,121.57006756704837,万科城市花园,54,20329,大连万科物业服务有限公司,1.5,辽宁,2,二手房,2005
开发区红星海-B区89-1号,大连,远洋地产有限公司,开发区,20190318,39.027851194371685,121.80327394132297,红星海五期青屿蓝,164,14376,大连远洋基业物业管理有限公司,2.2,辽宁,2,二手房,2012
中山区金城街26号一楼,大连,无开发商,中山,20190318,38.922282529515634,121.65214466263014,九中白兰街,18,37421,无物业管理服务,-,辽宁,2,二手房,1995
沙河口区民权街324号,大连,大连天河房地产开发集团有限公司,沙河口,20190318,38.92064616208148,121.59777611850379,民权小区,43,12779,大连福港物业管理有限公司,0.2,辽宁,2,二手房,1992
莲花山路89-3号,大连,大连建兴房屋开发有限公司,沙河口,20190318,38.90273559371702,121.6046814926709,府佳家园,2,15466,大连富佳物业管理有限公司,0.6,辽宁,2,二手房,2002
开发区鹏程家园66#-6、66#-7公建,大连,大连神洲众益集团有限公司,开发区,20190318,38.90045524508753,121.63339362744885,众益阳光海岸,77,10521,大连万佳物业管理有限公司,1.2,辽宁,2,二手房,2005
沙河口区锦江园30号1层公建,大连,大连市经济适用房建设发展中心,沙河口,20190318,38.921778341674376,121.58261780680284,锦绣园,21,13163,大连锦绣物业管理有限公司,0.5,辽宁,2,二手房,2000
甘井子区华北路花锦园28号23-3-1-2建筑物,大连,大连东特房地产开发有限公司,甘井子,20190318,38.951627958411166,121.5739439799003,星加坡花园,23,17912,大连东特祥禾物业管理有限公司,0.6,辽宁,2,二手房,2004
沙河口区前程街15号1层E-C轴36-44轴公建,大连,大连安邦房地产开发有限公司,甘井子,20190318,38.921778341674376,121.58261780680284,阳光百合,11,16611,渤海吉祥物业管理有限公司,0.8,辽宁,2,二手房,2004
大连市高新园区七贤中路63号,大连,大连招宇房地产有限公司,高新园区,20190318,38.86053006357667,121.53273606963094,招商兰溪谷,30,22141,招商局物业管理有限公司大连分公司,2.6,辽宁,2,二手房,2015
中山区秀月街37号1层2号,大连,大连澳南房屋开发有限公司,中山,20190318,38.88757907576307,121.66311065527876,明秀山庄B区,25,36614,绿城物业服务集团有限公司大连分公司,1.9,辽宁,2,二手房,2008
西岗区鞍山路29号龙畔锦城东门,大连,大连铁龙房地产开发有限公司,西岗,20190318,38.92763470697088,121.61498923399098,北岗新居,9,14765,大连铁龙物业管理有限公司,0.5,辽宁,2,二手房,2002
沙河口区南沙街36号台二2号1-1-37,大连,大连鹏生房地产开发有限公司,沙河口,20190318,38.90741410359388,121.57685699961822,鹏顺园,47,25073,大连新型物业管理有限公司,0.5,辽宁,2,二手房,2001
"西岗区泰公街20号2层7号 西岗区久寿街22号1层14号""",大连,大连万达房地产开发有限公司,西岗,20190318,38.92600196862723,121.62141976476381,新春小区,8,15034,大连长青物业管理中心,0.2,辽宁,2,二手房,1997
沙河口区西南路358号1—2号,大连,大连东兴置业有限公司,沙河口,20190318,38.90839654326566,121.56908246905662,西山园中园,23,22903,大连东昌物业管理有限公司,1.2,辽宁,2,二手房,2007
高新园区红凌路732-4号,大连,大连亿达房地产股份有限公司,高新园区,20190318,38.90158813547366,121.53265954348016,亿达峦翠园,36,20476,亿达物业管理有限公司,1.3,辽宁,2,二手房,2009
中山区同心街72号1楼公建,大连,大连泰宸房地产开发有限责任公司,中山,20190318,38.91979245940674,121.64769198230202,伊景华园,58,26631,街道办事处（居委会）代管物业,2.2,辽宁,2,二手房,2006
西岗区华北路100号1层5号,大连,大连万达房地产开发有限公司,西岗,20190318,38.91336952993919,121.6258229781024,香海花园,21,15730,大连万达物业管理有限公司,0.8,辽宁,2,二手房,1999
大连市沙河口区文萃街1号1-2-2；大连市沙河口区由家五小区五号楼1单元2层1,大连,大连理工科技城建设开发有限公司,高新园区,20190318,38.88596852074166,121.54389553303217,文萃轩小区,27,16962,大连理工物业管理中心,0.2,辽宁,2,二手房,1990
大连市甘井子中华路街道汇畅街48号,大连,远洋地产有限公司,甘井子,20190318,39.00552323996268,121.59684207363269,远洋自然,57,18131,大连远洋基业物业管理有限公司,1.3,辽宁,2,二手房,2010
甘井子区山东路398号,大连,大连盛铭资产管理有限公司,甘井子,20190318,38.99821826443242,121.59274974973462,亿合城,66,18564,大连盛安物业管理有限公司,1.5,辽宁,2,二手房,2013
中山区东港龙湖水晶郦湾7-102,大连,大连龙湖东港房地产有限公司,中山,20190318,38.924700620463895,121.70344398518496,龙湖水晶郦湾,72,27750,大连龙湖物业服务有限公司,4.5,辽宁,2,二手房,2015
西岗区鞍山路29号龙畔锦城东门,大连,无开发商,西岗,20190318,38.92763470697088,121.61498923399098,北京街北,37,12385,无物业管理服务,-,辽宁,2,二手房,1981
沙河口区南沙街36号台二2号1-1-37,大连,大连康加立置业有限公司,沙河口,20190318,38.90741410359388,121.57685699961822,台四小区,29,12886,大连弘达物业管理有限公司,-,辽宁,2,二手房,1996
甘井子区凌秀路37号-1链家地产,大连,大连恒瑞房地产开发有限公司,高新园区,20190318,38.883794285403965,121.52361997548515,大湖山语,27,20476,大连龙湖物业服务有限公司,2.8,辽宁,2,二手房,2015
甘井子区促进路30号2-1-1,大连,中信集团大连中信房地产开发公司,甘井子,20190318,38.954133128707575,121.58355746311207,和兴家园,11,16273,大连中信物业管理有限公司,0.5,辽宁,2,二手房,2003
沙河口区五四路207-1-9号,大连,中航国际中航地产,沙河口,20190318,38.906488732904506,121.5996637934482,中航国际广场,27,23939,中航物业管理有限公司大连分公司,3.6,辽宁,2,二手房,2017
沙河口区连山街10号2-1-2,大连,大连国合嘉汇房地产开发有限公司,沙河口,20190318,38.89637522563413,121.57143690983219,心宁苑,7,16873,大连国合物业管理有限公司,0.6,辽宁,2,二手房,2001
沙河口区富国街34-3,大连,大连万达房地产开发有限公司,沙河口,20190318,38.90160386349964,121.58915317342193,星海自由港,10,20597,大连万景物业管理有限公司,1.2,辽宁,2,二手房,2003
沙河口区新生路万客园3-7,大连,大连中海兴业房地产开发有限公司,沙河口,20190318,38.94412875710208,121.57006756704837,中海天赋山一期,23,22557,大连中海物业管理有限公司,2.8,辽宁,2,二手房,2016
无门店信息,大连,大连亿达房地产股份有限公司,高新园区,20190318,34.52713835999158,118.76812980670795,亿达悦龙居,19,14989,亿达物业管理有限公司,2.8,辽宁,2,二手房,2015
西岗区大同街125号,大连,大连新型房地产开发有限公司,西岗,20190318,38.920458602340894,121.61445835429899,银寰花园,23,11115,街道办事处（居委会）代管物业,0.5,辽宁,2,二手房,1995
甘井子区泉水H3区15号3单元1层2号,大连,大连新型房地产开发有限公司,甘井子,20190318,39.00158439075201,121.62616882572375,龙畔金泉三期,56,13104,大连新型物业管理有限公司,0.5,辽宁,2,二手房,2004
甘井子区华北路花锦园28号23-3-1-2建筑物,大连,大连东特房地产开发有限公司,沙河口,20190318,38.951627958411166,121.5739439799003,东特新居,16,12726,大连东特祥禾物业管理有限公司,0.5,辽宁,2,二手房,2000
沙河口区红凌路137号,大连,大连大实企业集团房屋开发有限公司,甘井子,20190318,38.922699288974506,121.54713601744747,叠翠骏景,16,11822,大连弘实物业管理有限公司,0.4,辽宁,2,二手房,2004
中山区职工街96号1-3层公建,大连,大连嘉和房地产集团有限公司,中山,20190318,38.92565613737007,121.66193575790903,嘉和广场,74,20782,大连华安物业管理有限公司,3.8,辽宁,2,二手房,2014
甘井子区辛寨子街道中冶蓝城辛虹园39-7号公建,大连,大连中冶京诚置业有限公司,甘井子,20190318,38.98155611421408,121.49259383356096,中冶蓝城E区,36,15086,大连添翼物业服务有限公司,2,辽宁,2,二手房,2010
大连市甘井子区椒房街24号楼2-104链家地产,大连,中铁建（大连）置业有限公司,甘井子,20190318,38.985363789837166,121.61034055597686,青秀蓝湾一期,32,20414,中国铁建地产集团物业公司,1.5,辽宁,2,二手房,2016
西岗区康平街2号（5号楼3-1-3号）,大连,无开发商,西岗,20190318,38.91044414697888,121.61980769264477,教师大厦,17,12521,大连教师大厦物业管理有限公司,0.2,辽宁,2,二手房,1995
甘井子辛吉街150号-7号,大连,大连新星房地产开发有限公司,甘井子,20190318,38.96309956105142,121.52341678860995,新星绿城一期,32,11987,大连生生物业管理有限公司,0.5,辽宁,2,二手房,2003
沙河口区长江路738号,大连,大连大世界房地产开发有限公司,西岗,20190318,38.92379936592553,121.61207696256155,第九频道,37,26213,大世界商业联合机构,3.6,辽宁,2,二手房,2014
中山区同心街72号1楼公建,大连,无开发商,中山,20190318,38.91979245940674,121.64769198230202,南山里,18,16905,无物业管理服务,-,辽宁,2,二手房,1990
金州区小平岛B组团4号楼3号商铺,大连,大连安达房地产开发有限公司,高新园区,20190318,39.2986190718601,121.95658248043723,小平岛E东组团,36,20732,大连凯尔富物业管理有限公司,1.3,辽宁,2,二手房,2007
沙河口区红凌路137号,大连,大连大实企业集团房屋开发有限公司,甘井子,20190318,38.922699288974506,121.54713601744747,叠翠山庄,36,10727,大连弘实物业管理有限公司,0.4,辽宁,2,二手房,2000
沙河口区红凌路137号,大连,大连大实企业集团房屋开发有限公司,甘井子,20190318,38.922699288974506,121.54713601744747,泊林映山,15,12482,大连弘实物业管理有限公司,1.2,辽宁,2,二手房,2011
中山区安居巷7号,大连,大连华鹏房地产有限公司,中山,20190318,38.900436431991984,121.67796628922625,海派优座,10,15435,第一东方（大连）物业服务有限公司,2.5,辽宁,2,二手房,2008
中山区南山路59号1层4号,大连,大连铁路房地产开发有限责任公司,中山,20190318,38.91992239075882,121.6479206962747,延安小区,16,20432,大连铁路物业管理有限公司,0.5,辽宁,2,二手房,1995
甘井子区凌秀路37号-1链家地产,大连,大连九九集团有限公司,高新园区,20190318,38.883794285403965,121.52361997548515,文荟小区,5,12019,大连理工物业管理中心,0.5,辽宁,2,二手房,1994
高新园区红凌路732-4号,大连,大华集团大连房地产开发有限公司,高新园区,20190318,38.90158813547366,121.53265954348016,大华爱琴湾,40,20809,大连大华物业管理有限公司,1.8,辽宁,2,二手房,2010
中山区武昌街武昌公寓6号公建,大连,暂无信息,中山,20190318,38.912280913445784,121.64921130527547,新兴小区,3,8842,暂无信息,0.5,辽宁,2,二手房,2000
沙河口区西南路40号楼,大连,亿达房地产开发有限公司,沙河口,20190318,38.94141605900714,121.58612100465703,星浦庄园,14,11856,大连香都物业管理有限公司,0.5,辽宁,2,二手房,1997
西岗区华北路100号1层5号,大连,大连双振房屋开发有限公司,沙河口,20190318,38.91336952993919,121.6258229781024,香茗苑,5,15183,大连双振物业有限公司,0.5,辽宁,2,二手房,2003
甘井子区泉水D1区10-2#1-1-7,大连,大连运达房地产集团有限公司,甘井子,20190318,39.014763910942854,121.61661407462454,锦泉源B4区,43,11796,大连佳泰物业管理有限公司,0.5,辽宁,2,二手房,2002
甘井子区华北路花锦园28号23-3-1-2建筑物,大连,大连东特房地产开发有限公司,甘井子,20190318,38.951627958411166,121.5739439799003,东特金星公馆,29,16023,大连东特祥禾物业管理有限公司,1.2,辽宁,2,二手房,2009
沙河口区五一路110-4号,大连,大连大重房屋开发有限公司,沙河口,20190318,38.90710946686282,121.58172564480427,星台花园二期,30,26383,大连大重房屋开发公司物业管理中心,0.4,辽宁,2,二手房,1995
大连市高新园区七贤中路63号,大连,大连鑫亿房屋开发有限公司,高新园区,20190318,38.86053006357667,121.53273606963094,瑞丰园,8,14522,无物业管理服务,-,辽宁,2,二手房,1999
甘井子区华北路花锦园28号23-3-1-2建筑物,大连,大连鼎新恒盛房地产开发有限公司,甘井子,20190318,38.951627958411166,121.5739439799003,鼎新悦府,8,22933,大连万润物业服务有限公司,1.5,辽宁,2,二手房,2012
西岗区绕山路31号公建一层东侧,大连,远洋地产有限公司,沙河口,20190318,38.90257514466717,121.61412736644739,莲花小区,24,11394,无物业管理服务,-,辽宁,2,二手房,1996
沙河口区知心园10号公建,大连,暂无信息,高新园区,20190318,38.893977135945136,121.55667141994431,亿达康派公寓,20,17942,亿达物业管理有限公司,2.2,辽宁,2,二手房,2006
甘井子区哲林北园17-6号,大连,大连科宏房屋开发有限公司,甘井子,20190318,38.9600267109581,121.53876726228256,虹港新居,31,13441,大连空港物业管理有限公司,0.4,辽宁,2,二手房,1996
中山区民运巷 47号1层2号,大连,无开发商,中山,20190318,38.905955122300846,121.64798148011702,民运巷,19,10647,无物业管理服务,-,辽宁,2,二手房,1996
沙河口区西南路40号楼,大连,无开发商,沙河口,20190318,38.94141605900714,121.58612100465703,杭州街,21,12029,无物业管理服务,-,辽宁,2,二手房,1990
中山区同心街72号1楼公建,大连,大连振屹房屋开发有限公司,中山,20190318,38.91979245940674,121.64769198230202,城市广场,13,15901,大连振屹物业有限公司,3.5,辽宁,2,二手房,2006
开发区鹏程家园66#-6、66#-7公建,大连,大连元新房地产开发有限公司,开发区,20190318,38.90045524508753,121.63339362744885,华夏海景,20,9593,大连元新物业管理有限公司,1,辽宁,2,二手房,2003
金州区同济路44号,大连,大连永乐房地产开发有限公司,金州,20190318,39.10476859984152,121.71234684495865,永乐金庭,33,9682,大连天河物业管理有限公司,0.8,辽宁,2,二手房,2006
西岗区长春路334号,大连,大连新型房地产开发总公司,西岗,20190318,38.89807766522607,121.63221082858387,林茂小区,29,9505,大连新型物业管理有限公司,0.2,辽宁,2,二手房,1995
甘井子区新兴路36号3-1-3,大连,大连新型房地产开发有限公司,甘井子,20190318,38.95546176066109,121.5285003794903,泡崖二区,64,10176,大连新兴物业管理有限公司,0.5,辽宁,2,二手房,1997
开发区鹏程家园66#-6、66#-7公建,大连,大连新天润企业集团有限公司,开发区,20190318,38.90045524508753,121.63339362744885,水御兰庭,35,10056,大连港力物业管理有限公司,1.1,辽宁,2,二手房,2007
沙河口区沙能街101号1单元1层1号,大连,大连政府城区改造办公室,沙河口,20190318,38.9366316275348,121.59031205759763,新居佳园,3,12817,大连大力物业管理有限公司,1.5,辽宁,2,二手房,2012
开发区小孤山西里3栋-11号,大连,大连九龙汇房地产开发有限公司,开发区,20190318,39.02715282297674,121.80682183666346,九龙汇,49,9122,大连宏亮红物业管理有限公司,1.9,辽宁,2,二手房,2009
无门店信息,大连,大连宏鼎房地产开发有限公司,旅顺口,20190318,34.52713835999158,118.76812980670795,国宝星月湾,49,11601,大连星海国宝物业管理有限公司,2.5,辽宁,2,二手房,2015
西岗区长春路334号,大连,大连天源房屋开发有限公司,西岗,20190318,38.89807766522607,121.63221082858387,天源山庄,25,9661,大连弘益达物业管理有限公司,0.2,辽宁,2,二手房,1997
甘井子区惠泽南园3-4号,大连,大连全统房地产开发有限公司,甘井子,20190318,38.939326611323615,121.52337842113351,全统西山丽水,14,14351,大连新华物业管理有限公司,0.5,辽宁,2,二手房,2008
经济技术开发区城润万家4-5号公建,大连,志广房地产有限公司,开发区,20190318,39.05716325096989,121.75946281983826,恒安花园,18,9072,大连志广物业管理有限责任公司,0.9,辽宁,2,二手房,2004
沙河口区前程街46号4—1—2号,大连,大连渤海红旗集团有限公司,甘井子,20190318,38.921778341674376,121.58261780680284,里程巷,19,9256,大连台安物业管理中心,0.4,辽宁,2,二手房,1990
红星海A区126-4,大连,暂无信息,开发区,20190318,39.027851194371685,121.80327394132297,红星海一期艺墅,41,16726,大连远洋基业物业管理有限公司,0.5,辽宁,2,二手房,2009
西岗区鞍山路65-5号,大连,大连晟大房地产开发有限公司,沙河口,20190318,38.92701992456326,121.60258216167713,亿鑫大厦,5,13000,大连德一物业管理有限公司,1,辽宁,2,二手房,2003
金州区凤祥路236-2,大连,大连德泰控股有限公司,金州,20190318,39.08547607514868,121.7749730382401,德泰岭秀逸城,70,11025,大连德泰物业管理有限公司,1.9,辽宁,2,二手房,2013
中山区华乐街71号公建,大连,暂无信息,中山,20190318,38.923187679200566,121.6843197903016,东港印象A区,18,19453,大连众和物业管理有限公司,1.2,辽宁,2,二手房,2008
无门店信息,大连,大连亿达房地产股份有限公司,旅顺口,20190318,34.52713835999158,118.76812980670795,亿达玉龙湾,47,9072,大连澍景投资有限公司,1.5,辽宁,2,二手房,2013
无门店信息,大连,大连融昇房地产开发有限公司,甘井子,20190318,34.52713835999158,118.76812980670795,鹿港小镇,10,10614,大连三和住邦物业管理有限公司,1.3,辽宁,2,二手房,2015
开发区黄海西路201号107公建,大连,大连中信海港投资有限公司,开发区,20190318,39.04942604506828,121.80126318235419,润泽园小区,48,9632,大连新华物业管理有限公司,1.9,辽宁,2,二手房,2010
沙河口区五四路207-1-9号,大连,无开发商,沙河口,20190318,38.906488732904506,121.5996637934482,五四路,11,12274,无物业管理服务,-,辽宁,2,二手房,1992
沙河口区黑石礁街5号1层1号,大连,无开发商,沙河口,20190318,38.879813345473714,121.56313742300513,黑石礁,14,12355,无物业管理服务,-,辽宁,2,二手房,1990
大连市甘井子区泉水N2区3-13号,大连,大连半岛集团有限公司,甘井子,20190318,39.021116079001885,121.64659997607325,半岛泉水欣座,31,15034,大连半岛物业管理有限公司,1.5,辽宁,2,二手房,2010
中山区东港龙湖水晶郦湾7-102,大连,大连德银置业有限公司,中山,20190318,38.924700620463895,121.70344398518496,海韵华府,8,24017,大连金地物业管理有限公司,3.8,辽宁,2,二手房,2017
开发区黄海西路54号,大连,大连凯伦房地产开发股份有限公司,开发区,20190318,39.047714586087785,121.76688238228269,凯伦凯悦,85,8646,大连凯悦物业管理有限公司,3.1,辽宁,2,二手房,2008
开发区金源南里14栋-11号一层部分，14号-12号一层部分,大连,大连经济技术开发区金源实业有限公司,开发区,20190318,39.06148997014026,121.82510513314875,金源名府,22,10686,街道办事处（居委会）代管物业,1,辽宁,2,二手房,2009
甘井子区泉水K2区1号-7,大连,暂无信息,甘井子,20190318,39.01148211821007,121.63131997900962,龙畔金泉五期K2区,45,12855,大连新兴物业管理有限公司,0.5,辽宁,2,二手房,2008
中山区清溪南街11号,大连,大连锦绣房地产开发有限公司,中山,20190318,38.88919604283904,121.66466481004835,秀月广场,22,11702,无物业管理服务,0.5,辽宁,2,二手房,1994
天河路173-2号 华润考拉22号公建,大连,无开发商,甘井子,20190318,23.147151253133927,113.3277313198351,七江路,19,11783,街道办事处（居委会）代管物业,0.2,辽宁,2,二手房,1995
沙河口区西南路96号1层2号,大连,无开发商,沙河口,20190318,38.890863095482466,121.56788114713203,西沟小区,26,12021,无物业管理服务,-,辽宁,2,二手房,1990
甘井子区促进路30号2-1-1,大连,大连泰安房地产开发有限公司,沙河口,20190318,38.954133128707575,121.58355746311207,春柳园,19,10096,街道办事处（居委会）代管物业,0.5,辽宁,2,二手房,1995
无门店信息,大连,大连融和房地产开发有限公司,开发区,20190318,34.52713835999158,118.76812980670795,岚山著作,25,9648,大连昌和物业管理有限公司,1.3,辽宁,2,二手房,2014
沙河口区兰田街33号,大连,无开发商,沙河口,20190318,38.926138912221084,121.56486022834609,兰玉小区,3,11270,街道办事处（居委会）代管物业,0.4,辽宁,2,二手房,1990
西岗区八一路196号2-1-12号,大连,无开发商,西岗,20190318,38.89127420834314,121.6483201412943,八一路（八一路商圈）,16,10138,无物业管理服务,-,辽宁,2,二手房,1990
大连市金州新区友谊街道和平路59-10号1-2层公建,大连,无开发商,金州,20190318,39.112168401852266,121.72006917947859,和平小区,25,8045,街道办事处（居委会）代管物业,0.5,辽宁,2,二手房,1996
中山区山屏街116号1-1,大连,无开发商,中山,20190318,38.90729438486833,121.68598159980013,怡梦园,5,15067,无物业管理服务,-,辽宁,2,二手房,1900
大连市金州区友谊街道南金华城25号1-2层1号,大连,大连金华房地产开发有限公司,金州,20190318,39.128677228885614,121.71356109978767,金华小区二期,32,7876,大连金华兴物业有限公司,0.5,辽宁,2,二手房,2006
无门店信息,大连,大连馨悦房地产开发有限公司,金州,20190318,34.52713835999158,118.76812980670795,悦泰山里,91,10140,大连百安物业管理有限公司,0.5,辽宁,2,二手房,2009
金州区鹏程家园53#-8,大连,大连海富花园开发有限公司,开发区,20190318,39.0348243693741,121.81226722991913,鹏程家园（开发区）,14,7710,广宜物业有限公司,1.2,辽宁,2,二手房,2006
甘井子区哲林北园17-6号,大连,大连大力房屋开发有限公司,甘井子,20190318,38.9600267109581,121.53876726228256,圆梦园,5,20054,大连嘉禾物业管理服务有限公司,1.6,辽宁,2,二手房,2015
西岗区长红街4号1号公建,大连,暂无信息,西岗,20190318,38.91377414665191,121.6302525225721,34中长红街,31,25159,无物业管理服务,-,辽宁,2,二手房,1990
大连市金州区友谊街道南金华城25号1-2层1号,大连,大连金园房地产开发有限公司,金州,20190318,39.128677228885614,121.71356109978767,金海明珠,40,9596,大连金园社区服务有限公司,0.5,辽宁,2,二手房,2012
沙河口区五四路207-1-9号,大连,无开发商,沙河口,20190318,38.906488732904506,121.5996637934482,集贤街,6,13035,无物业管理服务,-,辽宁,2,二手房,1990
甘井子区华北路花锦园28号23-3-1-2建筑物,大连,无开发商,甘井子,20190318,38.951627958411166,121.5739439799003,久胜街,12,16112,街道办事处（居委会）代管物业,0.1,辽宁,2,二手房,1989
开发区东北三街94号1层,大连,开发区城建局,开发区,20190318,39.05723508011585,121.80570768630555,倚园里小区,48,7447,大连佳兴物业管理有限公司,0.3,辽宁,2,二手房,1999
无门店信息,大连,大连新型企业集团,甘井子,20190318,34.52713835999158,118.76812980670795,南岭花园,26,12168,大连新型物业管理有限公司,0.4,辽宁,2,二手房,2008
甘井子区惠泽南园3-7号,大连,大连鹏德房屋开发有限公司,甘井子,20190318,38.939326611323615,121.52337842113351,鹏德同心园,10,14947,大连旺宇物业有限公司,1.7,辽宁,2,二手房,2014
开发区金马路169-2-6号房屋,大连,无开发商,开发区,20190318,39.055616222703364,121.78435683280883,收获公寓,10,7271,街道办事处（居委会）代管物业,0.5,辽宁,2,二手房,2008
西岗区八一路196号1-3,大连,无开发商,西岗,20190318,38.89127420834314,121.6483201412943,新泉巷,21,9331,无物业管理服务,-,辽宁,2,二手房,1992
开发区黄海西路201号107公建,大连,开发区城建局,开发区,20190318,39.04942604506828,121.80126318235419,开.东山小区,49,7201,大连友谊物业服务有限公司,0.5,辽宁,2,二手房,1999
无门店信息,大连,大连海华房地产开发有限公司,甘井子,20190318,34.52713835999158,118.76812980670795,丽湾海景,22,10814,大连海华房地产开发有限公司,0.5,辽宁,2,二手房,2010
西岗区八一路102号,大连,无开发商,西岗,20190318,38.891094924332045,121.65327483516513,长春街,10,11956,无物业管理服务,-,辽宁,2,二手房,1997
大连市甘井子区辛如街35号1单元1层1号,大连,暂无信息,甘井子,20190318,38.96862607066881,121.52294869064194,苹果公寓（住宅）,44,11568,大连生生物业有限公司,0.8,辽宁,2,二手房,2009
西岗区鞍山路29号龙畔锦城东门,大连,无开发商,西岗,20190318,38.92763470697088,121.61498923399098,兴业广场,12,16731,街道办事处（居委会）代管物业,0.8,辽宁,2,二手房,2004
甘井子区红旗中路143号1层4号,大连,大连红旗兴达房地产开发有限公司,甘井子,20190318,38.93169566676921,121.5426632438217,吉祥街,3,10232,大连金诚物业管理有限公司,0.2,辽宁,2,二手房,1996
金州区拥政街道733号-8号1-2层,大连,无开发商,金州,20190318,39.11690610445662,121.73030803603723,花园小区,13,7790,大连四通物业管理有限公司,0.1,辽宁,2,二手房,1993
开发区杏花里13#楼-7号,大连,无开发商,开发区,20190318,31.31075067906954,120.63127837058457,杏树里,8,9505,华隆物业管理有限责任公司,0.4,辽宁,2,二手房,2010
无门店信息,大连,暂无信息,金州,20190318,34.52713835999158,118.76812980670795,天鸿展视界,22,6925,无物业管理服务,-,辽宁,2,二手房,-
中山区鲁迅路204号百盛新药特药商店一楼西侧部分,大连,无开发商,中山,20190318,38.92576188797548,121.6771337100355,鲁迅路（寺儿沟商圈）,8,12360,无物业管理服务,-,辽宁,2,二手房,1990
无门店信息,大连,暂无信息,开发区,20190318,34.52713835999158,118.76812980670795,十里岗小区,53,5655,大连经济技术开发区盛辉物业服务有限公司,0.5,辽宁,2,二手房,1996
甘井子区金家街17-7号,大连,暂无信息,甘井子,20190318,38.97493697764367,121.60110987128529,金安街,21,19526,无物业管理服务,-,辽宁,2,二手房,1960
甘井子区西南路950—1号1层1号,大连,暂无信息,甘井子,20190318,38.96307885117551,121.5968272222241,八十中东海街,33,16312,街道办事处（居委会）代管物业,0.2,辽宁,2,二手房,1980
开发区黄海西路201号107公建,大连,无开发商,开发区,20190318,39.04942604506828,121.80126318235419,岗松里小区,92,6969,大连经济技术开发区海青物业有限公司,0.5,辽宁,2,二手房,2000
金州区南棉路310号,大连,暂无信息,金州,20190318,39.09939229372624,121.72414976100345,光明现代城,8,7170,无物业管理服务,-,辽宁,2,二手房,2004
大连市金州新区友谊街道和平路59-10号1-2层公建,大连,大连永乐宏业集团有限公司,金州,20190318,39.112168401852266,121.72006917947859,和平丽苑,11,8337,大连永乐宏业集团有限公司,1.1,辽宁,2,二手房,2009
金州区拥政街道733号-8号1-2层,大连,大连市金州区房屋开发公司,金州,20190318,39.11690610445662,121.73030803603723,桂林小区,63,7009,街道办事处（居委会）代管物业,0.5,辽宁,2,二手房,1993
甘井子区华北路花锦园28号23-3-1-2建筑物,大连,无开发商,甘井子,20190318,38.951627958411166,121.5739439799003,迎客石广场（锦绣商圈）,6,13857,街道办事处（居委会）代管物业,0.5,辽宁,2,二手房,2000
中山区安居巷7号,大连,无开发商,中山,20190318,38.900436431991984,121.67796628922625,长江路（民主广场商圈）,5,10522,无物业管理服务,-,辽宁,2,二手房,1980
中山区中青街87号一单元107,大连,无开发商,中山,20190318,38.90213494248529,121.65806522267005,文明巷,3,11301,无物业管理服务,-,辽宁,2,二手房,1990
沙河口区前程街46号4—1—2号,大连,大连渤海红旗集团有限公司,甘井子,20190318,38.921778341674376,121.58261780680284,前景街,0,10883,渤海吉祥物业管理有限公司,0.4,辽宁,2,二手房,1999
西岗区康平街2号（5号楼3-1-3号）,大连,暂无信息,西岗,20190318,38.91044414697888,121.61980769264477,34中水仙街,3,30267,无物业管理服务,-,辽宁,2,二手房,1995
无门店信息,大连,开发区城建局,开发区,20190318,34.52713835999158,118.76812980670795,东居里,129,6938,大连经济技术开发区海青物业有限公司,0.2,辽宁,2,二手房,1996
甘井子区华东路22号公建,大连,无开发商,甘井子,20190318,38.97736184953593,121.5935814234334,经四街,12,11200,街道办事处（居委会）代管物业,0.5,辽宁,2,二手房,1993
无门店信息,大连,大连众仕房地产开发有限公司,开发区,20190318,34.52713835999158,118.76812980670795,山河御景,12,8315,大连山河物业管理有限公司,1.5,辽宁,2,二手房,2015
中山区山屏街116号1-1,大连,无开发商,中山,20190318,38.90729438486833,121.68598159980013,山峦北巷,6,13133,无物业管理服务,-,辽宁,2,二手房,1985
西岗区长红街4号1号公建,大连,暂无信息,西岗,20190318,38.91377414665191,121.6302525225721,34中茂田巷,8,27982,无物业管理服务,-,辽宁,2,二手房,1984
中山区鲁迅路184号1层B—A,大连,无开发商,中山,20190318,38.92590875965419,121.67594393403164,海滨住宅小区（寺儿沟商圈）,8,12019,无物业管理服务,-,辽宁,2,二手房,1995
中山区武昌街武昌公寓6号公建,大连,大连宏济开发经济有限公司,中山,20190318,38.912280913445784,121.64921130527547,新兴巷,14,9887,无物业管理服务,-,辽宁,2,二手房,1980
沙河口区昌黎街77号楼第1层公建,大连,清远君行房地产有限公司,沙河口,20190318,38.91974518366595,121.5902918379551,君安国际,1,13492,街道办事处（居委会）代管物业,11,辽宁,2,二手房,2010
金州新区八一路金都嘉园1号楼1号公建,大连,大连市金州区房屋开发公司,金州,20190318,39.05525210261778,121.74865634199398,古城丁区,138,7299,街道办事处（居委会）代管物业,0.1,辽宁,2,二手房,1993
金州新区先进街道五一路350-1号1-2层,大连,暂无信息,金州,20190318,39.095023587156554,121.74333264248519,聚鑫小区一期,50,6972,大连新生活物业管理有限公司,0.5,辽宁,2,二手房,1993
甘井子区海口路77-4号公建,大连,大连鹏生房地产开发有限公司,甘井子,20190318,38.960286398428124,121.60305183172997,鹏辉新世纪,0,18314,大连鹏辉物业管理有限公司,0.6,辽宁,1,二手房,2003
沙河口区兰田街33号,大连,大连运达房地产集团有限公司,沙河口,20190318,38.926138912221084,121.56486022834609,兰溪文苑,42,19171,大连运达物业管理有限公司,0.8,辽宁,1,二手房,2004
甘井子区促进路30号2-1-1,大连,福佳集团有限公司,甘井子,20190318,38.954133128707575,121.58355746311207,府佳名都,32,17027,大连富佳物业管理有限公司,0.5,辽宁,1,二手房,2002
沙河口区兰田街33号,大连,大连银地置业发展有限公司,沙河口,20190318,38.926138912221084,121.56486022834609,未来星城,13,16353,大连大力物业管理有限公司,0.5,辽宁,1,二手房,2004
沙河口区民权街324号,大连,大连城市建设集团有限公司,沙河口,20190318,38.92064616208148,121.59777611850379,天兴新家园,14,28369,大连天兴物业管理有限公司,0.5,辽宁,1,二手房,1999
高新园区书香街1A#1-1-2,大连,大连金弘基房地产开发有限公司,高新园区,20190318,38.880372108393104,121.55218773010999,弘基一期,19,19855,大连金弘基物业管理有限公司,0.6,辽宁,1,二手房,2001
高新园区敬贤街25-9,大连,中海东丰地产（大连）有限公司,高新园区,20190318,38.86877373541043,121.52975162654023,中海紫御观邸一期,12,27768,大连中海物业管理有限公司,2.6,辽宁,1,二手房,2013
沙河口区恒利园42号-8,大连,大连三寰房屋开发有限公司,沙河口,20190318,38.93357562498634,121.57914091532649,三寰芳草园,16,15362,大连空港物业管理有限公司,0.4,辽宁,1,二手房,2003
甘井子区芳林街17号1单元1层1号,大连,大连亿达房地产股份有限公司,甘井子,20190318,38.96091976856697,121.58863625429588,林语家话,36,26377,亿达物业管理有限公司,1.2,辽宁,1,二手房,2005
甘井子区西南路芳茗园30号楼,大连,大连东北房屋开发有限公司,甘井子,20190318,38.961395177040636,121.59546002818708,东北名苑,55,17672,大连国合物业管理有限公司,0.5,辽宁,1,二手房,2000
沙河口区黄河路535号,大连,大连民兴房地产开发有限公司,沙河口,20190318,38.91773777159567,121.60217159922856,79中民兴花园二期,29,27897,大连衡德物业管理有限公司,1.2,辽宁,1,二手房,2003
甘井子区绿洲园60号,大连,大连友谊合升房地产开发有限公司,甘井子,20190318,38.95390300214936,121.59409785747448,壹品天城,97,28710,大连富丽华物业管理有限公司,0.5,辽宁,1,二手房,2011
沙河口区长江路738号,大连,大连大和中盛房地产有限公司,西岗,20190318,38.92379936592553,121.61207696256155,颐和香榭,37,29952,大连颐和物业管理有限公司,2.5,辽宁,1,二手房,2008
沙河口区杨树街4-4号公建,大连,大连金弘基房地产开发有限公司,高新园区,20190318,38.88444587249751,121.55130620045541,弘基二期,31,22667,大连金弘基物业管理有限公司,0.6,辽宁,1,二手房,2003
沙河口区鞍山路65号美都园7号1单元1层4号公建,大连,大连美辰房地产开发有限公司,沙河口,20190318,38.92727525772336,121.60296423346817,丽景春天,32,19041,大连远洋基业物业管理有限公司,0.8,辽宁,1,二手房,2003
大连市金州新区中长街道碧海尚城5-4号1-2层,大连,大连微软房地产开发有限公司,金州,20190318,39.1001690968934,121.73061017121415,冠军大厦,7,7405,街道办事处（居委会）代管物业,1,辽宁,2,二手房,2002
金州区先进街道渤海街1-4号1-2层,大连,无开发商,金州,20190318,39.09512910553563,121.74578812616167,百畅园,20,6420,街道办事处（居委会）代管物业,0.5,辽宁,2,二手房,2000
金州区拥政街道733号-8号1-2层,大连,暂无信息,金州,20190318,39.11690610445662,121.73030803603723,中长小区,26,7318,街道办事处（居委会）代管物业,-,辽宁,2,二手房,1990
中山区爱华街13号,大连,无开发商,中山,20190318,38.92541607518685,121.6535728031028,云程巷（中山友好商圈）,4,14470,无物业管理服务,-,辽宁,2,二手房,1990
经济技术开发区城润万家4-5号公建,大连,无开发商,开发区,20190318,39.05716325096989,121.75946281983826,西山小区,6,7752,街道办事处（居委会）代管物业,0.5,辽宁,2,二手房,1996
金州区南棉路310号,大连,大连金连房地产开发有限公司,金州,20190318,39.09939229372624,121.72414976100345,金连领地,23,7808,街道办事处（居委会）代管物业,0.5,辽宁,2,二手房,1995
沙河口区连山街44-2号半地下一层（地上一层部分）,大连,大连大和中盛房地产有限公司,沙河口,20190318,38.892991456958086,121.57299542767161,颐和星海,76,24758,大连颐和物业管理有限公司,2.5,辽宁,1,二手房,2013
大连市甘井子区七贤路8-3号,大连,大连瑞恒置业有限公司,高新园区,20190318,38.86659077085588,121.5392980566355,未名山,46,25277,大连龙湖物业服务有限公司,3,辽宁,1,二手房,2015
高新园区火炬路18号,大连,大连奥泰房地产开发有限公司,高新园区,20190318,38.937738080520404,117.39340752036043,因特摩尔,50,17722,大连奥泰物业服务有限公司,2.6,辽宁,1,二手房,2011
大连市沙河口区知邻街50号,大连,大连亿达房地产股份有限公司,沙河口,20190318,38.921778341674376,121.58261780680284,东方圣荷西,31,24557,亿达物业管理有限公司,2.6,辽宁,1,二手房,2008
中山区中南路226号,大连,大连国合嘉汇房地产开发有限公司,中山,20190318,38.90029610333926,121.68178899957817,枫合万嘉,33,22671,大连国合物业管理有限公司,1,辽宁,1,二手房,2005
大连市甘井子区丰收路3-5号,大连,大连智和房地产开发有限公司,甘井子,20190318,38.965377255081755,121.58288415324094,华锦铭苑,41,18531,大连东昌物业管理有限公司,1.3,辽宁,1,二手房,2009
沙河口区五一路109-4号,大连,大连正源房地产开发有限公司,沙河口,20190318,38.9089272537305,121.58289867190192,幸福e家二期,22,31772,大连正源物业服务有限公司,0.7,辽宁,1,二手房,2003
西岗区鞍山路65-5号,大连,大连中盛集团有限公司,沙河口,20190318,38.92701992456326,121.60258216167713,中盛家园,16,21381,大和中盛物业管理有限公司,1.5,辽宁,1,二手房,2002
甘井子区锦城西园4#3-1-1,大连,大连锦绣房地产开发有限公司,甘井子,20190318,38.95286223185571,121.55129044777,锦城西园,20,18629,大连锦绣物业管理有限公司,0.6,辽宁,1,二手房,2006
西岗区八一路196号2-1-12号,大连,大连欧美亚房地产开发有限公司,西岗,20190318,38.89127420834314,121.6483201412943,中华名城,38,19827,大连峰霖物业管理有限公司,1.5,辽宁,1,二手房,2003
沙河口区五一路109-4号,大连,大连正源房地产开发有限公司,沙河口,20190318,38.9089272537305,121.58289867190192,幸福e家一期,25,32329,大连正源物业服务有限公司,0.8,辽宁,1,二手房,2002
沙河口区西南路96号1层2号,大连,大连宏都房地产开发有限公司,沙河口,20190318,38.890863095482466,121.56788114713203,宏都筑景Ⅰ期,30,23177,大连东方百瑞物业管理有限公司,1.4,辽宁,1,二手房,2008
沙河口区黄河路562号,大连,大连新型房地产开发有限公司,沙河口,20190318,38.9167961764482,121.60352063132478,79中科学家公寓,48,21817,大连新兴物业管理有限公司,0.8,辽宁,1,二手房,1998
西岗区康平街2号（5号楼3-1-3号）,大连,大连北洋房屋开发公司,西岗,20190318,38.91044414697888,121.61980769264477,胜利花园,23,14781,大连宏成物业管理有限公司,0.5,辽宁,1,二手房,1997
沙河口区成仁街91号,大连,大连万达房地产开发有限公司,沙河口,20190318,38.91539947107844,121.59585638842556,龙祥花园,21,25731,大连万达物业管理有限公司,0.8,辽宁,1,二手房,2001
高新园区海苑街36号1单元2号公建,大连,大连大有房屋开发有限公司,高新园区,20190318,20.06392317589085,110.32302599457326,大有恬园,46,16901,大连家园物业有限公司,0.5,辽宁,1,二手房,2004
沙河口区富静街26号1单元1层5号,大连,大连远东房屋开发有限公司,沙河口,20190318,38.908727606250466,121.58667844684369,世嘉星海,30,27769,大连瑞信物业管理有限公司,1.6,辽宁,1,二手房,2007
中山区解放路471-22号,大连,大连圣北开发有限公司,中山,20190318,38.90018683040924,121.65457658465141,亿达云集公寓,52,32330,亿达物业管理有限公司,2.9,辽宁,1,二手房,2016
甘井子区金北街17号,大连,大连恒新房地产开发有限公司,甘井子,20190318,38.95546176066109,121.5285003794903,福佳绿都,32,26676,大连福佳物业管理有限公司,1.3,辽宁,1,二手房,2008
大连市高新园区桃峪园4-2号第31幢-2层8号,大连,大连软件园安博开发有限公司,高新园区,20190318,38.94870993830429,121.59347778143518,亿达普罗旺斯,75,21651,亿达物业管理有限公司,2.6,辽宁,1,二手房,2014
甘井子区红旗中路143号1层4号,大连,大连红旗兴达房地产开发有限公司,甘井子,20190318,38.93169566676921,121.5426632438217,兴达福山居,27,15022,大连万泰物业管理有限公司,0.4,辽宁,1,二手房,2006
西岗区黄河路82号,大连,大连民兴房地产开发有限公司,西岗,20190318,38.92243503020161,121.6287927913896,前城国际二期,27,23217,大连前城花园物业管理有限公司,1.5,辽宁,1,二手房,2000
中山区杏林街66—5号,大连,大连万达房地产开发有限公司,中山,20190318,38.9244189768098,121.6630029448549,明泽苑,8,28055,大连万达物业管理有限公司,2,辽宁,1,二手房,2000
西岗区八一路102号,大连,大连澳南房屋开发有限公司,中山,20190318,38.891094924332045,121.65327483516513,明秀山庄A区,56,33653,绿城物业服务集团有限公司大连分公司,1.9,辽宁,1,二手房,2008
大连市甘井子区燕南园50号,大连,大连软件园发展有限公司,高新园区,20190318,38.90172480153224,121.5363466289672,东方圣克拉一期,43,24294,亿达物业管理有限公司,2.6,辽宁,1,二手房,2010
甘井子区金家街17-7号,大连,大连嘉兴房地产开发有限公司,甘井子,20190318,38.97493697764367,121.60110987128529,青林美地,37,20607,大连嘉盛物业管理有限公司,0.5,辽宁,1,二手房,2003
甘井子区汇仁街22号,大连,中铁建（大连）置业有限公司,甘井子,20190318,38.99712640764999,121.58834420439493,动力院景二期汇善南园,17,16626,大连铁龙安居物业管理有限公司,0.7,辽宁,1,二手房,2007
甘井子区中华路泉水A1区86号4单元1层1号,大连,大连科技园房地产开发有限公司,甘井子,20190318,39.0040066317761,121.60658685435251,奥林园,46,13873,大连衡德物业管理有限公司,0.5,辽宁,1,二手房,2004
中山区武昌街武昌公寓6号公建,大连,大连武昌房地产开发有限公司,中山,20190318,38.912280913445784,121.64921130527547,部居逸阁,23,13323,大连宜佳物业管理有限公司,1,辽宁,1,二手房,2005
大连市甘井子区燕南园50号,大连,大连软件园发展有限公司,高新园区,20190318,38.90172480153224,121.5363466289672,东方圣克拉二期,47,28088,亿达物业管理有限公司,2.6,辽宁,1,二手房,2011
中山区爱华街13号,大连,大连汇邦置业有限公司,中山,20190318,38.92541607518685,121.6535728031028,汇邦中心,31,45955,大连新昌物业管理有限公司,4.2,辽宁,1,二手房,2012
中山区高尚路28-1号,大连,大连家园建设集团有限公司,中山,20190318,38.892673425111305,121.67148833870213,卡纳意乡,34,21604,大连四季物业服务有限公司,1.8,辽宁,1,二手房,2008
高新园区红凌路732-4号,大连,大连软件园开发有限公司,高新园区,20190318,38.90158813547366,121.53265954348016,东方圣克拉三期,35,25978,亿达物业管理有限公司,2.6,辽宁,1,二手房,2015
西岗区鞍山路65-5号,大连,无开发商,沙河口,20190318,38.92701992456326,121.60258216167713,美辰臻品,10,18772,大连众和物业管理有限公司,1,辽宁,1,二手房,2007
甘井子区西南路979-7号公建,大连,大连祥盛房屋开发有限公司,甘井子,20190318,38.96275592929325,121.5958698791777,金盛家园,45,17727,大连宏华物业管理有限公司,0.5,辽宁,1,二手房,2001
沙河口区星海广场B3区14-2号1层,大连,大连友谊合升房地产开发有限公司,沙河口,20190318,38.88693148294673,121.58735631267305,壹品星海一期,45,24427,大连友谊物业服务有限公司,1.3,辽宁,1,二手房,2005
西岗区黄河路362号公建,大连,大连万佳房地产开发有限公司,西岗,20190318,38.91819905243802,121.61365779430986,优豪斯,16,25484,大连万佳物业管理有限公司,1.6,辽宁,1,二手房,2003
甘井子区金北街17号,大连,大连悦泰集团有限公司,甘井子,20190318,38.95546176066109,121.5285003794903,悦泰馨家,19,24613,大连优豪斯物业管理有限公司,0.5,辽宁,1,二手房,2003
中山区民运巷 47号1层2号,大连,大连中杰房屋开发有限公司,中山,20190318,38.905955122300846,121.64798148011702,石葵秀景,4,18499,大连中杰物业管理有限公司,1.2,辽宁,1,二手房,2005
中山区华乐街93—1号,大连,大连环海房地产开发有限公司,中山,20190318,38.921950924512124,121.68673151242629,华乐环海花园,19,22885,大连景和物业管理有限公司,1.1,辽宁,1,二手房,2004
沙河口区黄河路535号,大连,大连金广地产集团有限公司,沙河口,20190318,38.91773777159567,121.60217159922856,79中美加华公寓,26,21227,大连亮泰安邦物业有限公司,2,辽宁,1,二手房,2008
沙河口区富民路120号4-1-1,大连,大连银地置业发展有限公司,沙河口,20190318,38.930937859528605,121.5647274237578,观山蝶恋花,34,15091,大连新展物业管理有限公司,1,辽宁,1,二手房,2011
西岗区黄河路90号公建部分,大连,大连民兴房地产开发有限公司,西岗,20190318,38.92234529815978,121.62829331825485,前城国际一期,14,23710,大连前城花园物业管理有限公司,1,辽宁,1,二手房,2005
高新园区海苑街36号1单元2号公建,大连,大连友谊合升房地产开发有限公司,高新园区,20190318,20.06392317589085,110.32302599457326,壹品漫谷,25,17766,大连富丽华物业管理有限公司,1,辽宁,1,二手房,2008
大连市甘井子区软件园路122号,大连,大连鑫园房屋开发有限公司,高新园区,20190318,38.89286578891647,121.53266600180116,新新园二期,14,15054,大连理工物业管理中心,0.5,辽宁,1,二手房,2005
西岗区胜利路33号,大连,无开发商,西岗,20190318,38.91309771954841,121.62500886627636,华城御园,9,29574,大连白云物业管理有限公司,1,辽宁,1,二手房,1997
甘井子区西南路芳茗园30号楼,大连,大连泰华房地产开发有限公司,甘井子,20190318,38.961395177040636,121.59546002818708,泰华府邸,14,18981,大连华安物业管理有限公司,1.5,辽宁,1,二手房,2009
沙河口区华新苑10号楼4号公建,大连,大连新型房地产开发有限公司,沙河口,20190318,38.921778341674376,121.58261780680284,华新苑,5,13368,大连新型物业管理有限公司,0.5,辽宁,1,二手房,2003
无门店信息,大连,大华集团大连置业有限公司,高新园区,20190318,34.52713835999158,118.76812980670795,大华锦绣华城四期,34,23738,大连大华物业管理有限公司,2.5,辽宁,1,二手房,2015
大连市甘井子区逸林南园1-1号,大连,大连三联置业有限公司,甘井子,20190318,38.95546176066109,121.5285003794903,三鼎春天,42,24393,瑞联德（大连）物业管理有限公司,2.8,辽宁,1,二手房,2018
沙河口区联合路133号,大连,大连新型房地产开发有限公司,沙河口,20190318,38.91608561262676,121.60480987310456,21中联德小区,4,25949,大连新型物业管理有限公司,0.5,辽宁,1,二手房,1998
沙河口区五一路326号,大连,无开发商,高新园区,20190318,38.88949370884506,121.5496388331407,双语学校,16,22219,无物业管理服务,0.2,辽宁,1,二手房,1998
无门店信息,大连,北方沿海房地产开发（大连）有限公司,沙河口,20190318,34.52713835999158,118.76812980670795,星海大观,180,17634,北京世邦魏理仕物业管理服务有限公司大连分公司,4.4,辽宁,1,二手房,2008
甘井子区金家街17-7号,大连,大连三业房地产开发有限公司,甘井子,20190318,38.97493697764367,121.60110987128529,紫金枫尚,8,24346,亿达物业管理有限公司,0.8,辽宁,1,二手房,2007
甘井子区华龙南园12-4-3-1-3,大连,大连长鹭房屋开发有限公司,甘井子,20190318,38.98528794231248,121.61028969481718,晶品枫林,53,13877,北京房修一物业管理有限公司,0.5,辽宁,1,二手房,2008
无门店信息,大连,大连天启房地产开发有限公司,高新园区,20190318,34.52713835999158,118.76812980670795,百合IT家园,37,12680,大连亮泰安邦物业有限公司,0.6,辽宁,1,二手房,2008
中山区华乐街71号公建,大连,大连环海房地产开发有限公司,中山,20190318,38.923187679200566,121.6843197903016,华乐小区,17,14111,大连景和物业管理有限公司,0.5,辽宁,1,二手房,2000
西岗区康平街2号（5号楼3-1-3号）,大连,大连振屹房屋开发有限公司,西岗,20190318,38.91044414697888,121.61980769264477,水仙名苑,8,24068,大连广信物业管理有限公司,0.5,辽宁,1,二手房,1997
无门店信息,大连,大连软件园世通开发有限公司,高新园区,20190318,34.52713835999158,118.76812980670795,亿达普罗旺斯二期,66,21657,亿达物业管理有限公司,2.6,辽宁,1,二手房,2014
开发区小孤山西里3栋-11号,大连,大连开建房地产开发有限公司,开发区,20190318,39.02715282297674,121.80682183666346,瑞仕尚城,48,11268,大连阿尔滨汇城物业服务有限公司,1.1,辽宁,1,二手房,2008
大连市沙河口区黄河路729号,大连,大连盛佳房地产开发有限公司,沙河口,20190318,38.91710565765228,121.58954758972729,城市佳园,7,19407,街道办事处（居委会）代管物业,1,辽宁,1,二手房,2004
甘井子区泉水E1区27号-3公建,大连,大连百思泰置业有限公司,甘井子,20190318,39.002846129004375,121.61312453141336,钰桥中央庭院,44,18238,大连百嘉物业管理有限公司,1.8,辽宁,1,二手房,2014
甘井子区汇仁街19号12号楼1单元102室,大连,大连凯祥房地产开发有限公司,甘井子,20190318,38.99746297497168,121.58917714380617,名贵山庄亲情园,24,14663,大连弘益达物业管理有限公司,0.5,辽宁,1,二手房,2002
沙河口区成仁街91号,大连,无开发商,沙河口,20190318,38.91539947107844,121.59585638842556,同泰花园,2,23848,大连斌弘物业管理有限公司,0.5,辽宁,1,二手房,2003
高新园区黄浦路901S号1单元1层3号,大连,大连金真源集团房地产开发有限公司,高新园区,20190318,38.85845801548294,121.51687109601923,山海一家二期,15,13752,大连龙海物业管理有限公司,0.8,辽宁,1,二手房,2005
大连市甘井子区辛如街35号1单元1层1号,大连,大连新星房地产开发有限公司,甘井子,20190318,38.96862607066881,121.52294869064194,新星绿城四期,25,14473,大连生生物业管理有限公司,0.8,辽宁,1,二手房,2008
中山区中青街87号一单元107,大连,大连金生房地产开发有限公司,中山,20190318,38.90213494248529,121.65806522267005,金生佳苑,9,18496,大连金宇物业管理有限公司,1,辽宁,1,二手房,2006
沙河口区兰田街33号,大连,大连凭海房地产开发有限公司,沙河口,20190318,38.926138912221084,121.56486022834609,清熙园,3,13174,大连鑫诚物业有限公司,0.5,辽宁,1,二手房,2004
中山区爱华街13号,大连,大连一方地产有限公司,中山,20190318,38.92541607518685,121.6535728031028,一方国际,28,34613,大连一方物业管理有限公司,4.8,辽宁,1,二手房,2013
高新园区敬贤街25-9,大连,大连家豪房地产开发有限公司,高新园区,20190318,38.86877373541043,121.52975162654023,圣托里尼,39,21641,大连斌弘物业管理有限公司,1.8,辽宁,1,二手房,2013
莲花山路89-3号,大连,无开发商,西岗,20190318,38.90273559371702,121.6046814926709,世纪家园(西岗),3,17603,大连铁龙物业管理有限公司,0.3,辽宁,1,二手房,2000
沙河口区黄河路535号,大连,大连利源房屋开发有限公司,沙河口,20190318,38.91773777159567,121.60217159922856,79中万岁公寓,15,19148,大连大众物业管理有限公司,0.8,辽宁,1,二手房,2000
沙河口区中山路417A-4号,大连,大连宝嘉房地产有限公司,沙河口,20190318,38.90734671814175,121.59482182703752,德源筑座,18,22245,大连乐尔居物业服务有限公司,2.5,辽宁,1,二手房,2009
沙河口区星海广场B3区14-2号1层,大连,大连万达房地产开发有限公司,沙河口,20190318,38.88693148294673,121.58735631267305,大连明珠,63,26312,大连万象美物业管理有限公司,3.5,辽宁,1,二手房,2008
中山区安居巷7号,大连,大连锦联地产集团有限公司,中山,20190318,38.900436431991984,121.67796628922625,经典生活,19,8463,大连锦联物业管理有限公司,2.2,辽宁,1,二手房,2003
甘井子区红旗西路104-7,大连,大连盛达基业房地产开发有限公司,甘井子,20190318,38.940012695252975,121.52780738260293,依山云水,24,14865,大连盛新物业管理有限公司,0.4,辽宁,1,二手房,2004
开发区松苑街23号,大连,无开发商,开发区,20190318,22.52087710763645,113.40156104777168,松峪里一期,14,11726,大连中信物业管理有限公司,0.5,辽宁,1,二手房,2000
西岗区大同街125号,大连,大连名仕房地产开发有限公司,西岗,20190318,38.920458602340894,121.61445835429899,中央复兴里,9,25112,大连名仕物业管理有限公司,2.1,辽宁,1,二手房,2010
西岗区华北路100号1层5号,大连,大连渤海红旗集团有限公司,沙河口,20190318,38.91336952993919,121.6258229781024,碧海花园,2,15039,无物业管理服务,0.5,辽宁,1,二手房,2002
西岗区康平街2号（5号楼3-1-3号）,大连,大连新型房地产开发有限公司,西岗,20190318,38.91044414697888,121.61980769264477,新华公寓,3,16752,大连新型物业管理有限公司,0.5,辽宁,1,二手房,1997
甘井子区祥龙街2号楼1单元1楼1号,大连,万象地产房地产开发有限公司,甘井子,20190318,38.988045874482445,121.60439401971377,枣园万象,17,16346,大连润东物业管理有限公司,1.7,辽宁,1,二手房,2012
金州新区先进街道渤海街7-4号1-2层、7-3号1-2层,大连,大连九鼎置地有限公司,金州,20190318,39.09342713035472,121.74590886291374,万科城,74,11222,大连万科物业服务有限公司,2.2,辽宁,1,二手房,2015
中山区秀月街37号1层2号,大连,大连澳南房屋开发有限公司,中山,20190318,38.88757907576307,121.66311065527876,明秀嘉园,10,23065,大连澳南物业管理有限公司,1.2,辽宁,1,二手房,2007
开发区兴城路29-81层,大连,大连亿锋集团有限公司,开发区,20190318,39.05020829677517,121.7578103751747,亿锋广场三期,42,15258,大连广恒物业管理有限公司,2.8,辽宁,1,二手房,2015
中山区中南路226号,大连,大连市建设控股有限公司,中山,20190318,38.90029610333926,121.68178899957817,欧洲小镇,12,18958,大连大众物业管理有限公司,0.8,辽宁,1,二手房,2004
沙河口区沙能街101号1单元1层1号,大连,大连大力置业有限公司,沙河口,20190318,38.9366316275348,121.59031205759763,机车佳苑,8,15101,大连大力物业管理有限公司,1.5,辽宁,1,二手房,2009
中山区中南路226号,大连,大连海王府房地产开发有限公司,中山,20190318,38.90029610333926,121.68178899957817,海王府现代城,16,17090,街道办事处（居委会）代管物业,1,辽宁,1,二手房,2004
甘井子辛吉街150号-7号,大连,大连新星房地产开发有限公司,甘井子,20190318,38.96309956105142,121.52341678860995,新星绿城三期,56,13090,大连生生物业管理有限公司,0.5,辽宁,1,二手房,2006
甘井子区锦城东园1号3单元1层2号,大连,大连易合房地产开发有限公司,甘井子,20190318,38.952805477462775,121.55656194973994,易和紫园,8,24495,大连易兴物业服务有限公司,0.9,辽宁,1,二手房,2009
甘井子区虹城路503号1-1号,大连,大连易和房地产集团有限公司,甘井子,20190318,38.981193588625004,121.49964051837122,岭秀滨城悦和东园,61,15852,大连易兴物业服务有限公司,1.3,辽宁,1,二手房,2009
中山区碧浪园4号-3号,大连,无开发商,中山,20190318,38.89147289460474,121.69329560326236,碧海园,19,17772,大连远洋基业物业管理有限公司,0.5,辽宁,1,二手房,2000
中山区共建巷61号,大连,大连恒盛房屋开发有限公司,中山,20190318,38.91828093658718,121.66259221532148,月恒花园,4,27186,大连佳捷物业管理有限公司,0.8,辽宁,1,二手房,2001
大连市甘井子区泉水R2区33-4号第8幢1单元1跃2层9号,大连,大连天意房地产开发有限公司,甘井子,20190318,39.016726326893,121.6301887761182,金地檀溪,64,18852,大连金地物业管理有限公司,2.8,辽宁,1,二手房,2014
沙河口区连山街10号2-1-2,大连,大连城市建设集团有限公司,沙河口,20190318,38.89637522563413,121.57143690983219,城建花园,6,17197,大连城建开发集团物业管理有限公司,0.5,辽宁,1,二手房,2002
大连市沙河口区西南路875号1层21号,大连,大连泰安房地产开发有限公司,沙河口,20190318,38.94485969061231,121.58418648447764,春柳河小区,18,11873,大连三宝物业有限公司,0.5,辽宁,1,二手房,2001
经济技术开发区城润万家4-5号公建,大连,大连海汇房地产开发有限公司,开发区,20190318,39.05716325096989,121.75946281983826,正源吉祥e家,52,12004,大连正源物业服务有限公司,1,辽宁,1,二手房,2013
中山区共建巷61号,大连,无开发商,中山,20190318,38.91828093658718,121.66259221532148,39中明泽街,16,23906,无物业管理服务,-,辽宁,1,二手房,1993
西岗区黄河路90号公建部分,大连,大连兴昌房屋开发有限公司,西岗,20190318,38.92234529815978,121.62829331825485,兴昌都市首府,6,32270,大连戴德梁行物业管理有限公司,1.5,辽宁,1,二手房,2005
大连市甘井子区钻石湾和信园13-5,大连,远洋地产有限公司,甘井子,20190318,38.95806887148857,121.62117199773128,远洋钻石湾二期,37,23397,大连远洋基业物业管理有限公司,3.2,辽宁,1,二手房,2015
沙河口区红凌路137号,大连,大连大实企业集团房屋开发有限公司,甘井子,20190318,38.922699288974506,121.54713601744747,泊林阳光A区,17,13239,大连弘实物业管理有限公司,0.6,辽宁,1,二手房,2007
沙河口区西南路851号3单元1层3号,大连,大连振屹房屋开发有限公司,沙河口,20190318,38.94344210837944,121.58246796944378,柳馨家园,6,12099,街道办事处（居委会）代管物业,0.6,辽宁,1,二手房,2000
大连市甘井子区融田西园52-11,大连,亿达集团大连科技城发展有限公司,甘井子,20190318,38.95546176066109,121.5285003794903,亿达春田馥园,56,19828,亿达物业管理有限公司,1.5,辽宁,1,二手房,2011
沙河口区西南路358号1—2号,大连,大连弘晟房地产开发有限公司,沙河口,20190318,38.90839654326566,121.56908246905662,明月山庄,9,15815,大连衡德物业管理有限公司,0.6,辽宁,1,二手房,2003
甘井子区凌秀路37号-1链家地产,大连,无开发商,高新园区,20190318,38.883794285403965,121.52361997548515,凌秀小区,14,14866,大连远洋基业物业管理有限公司,0.6,辽宁,1,二手房,1993
沙河口区民权街324号,大连,无开发商,沙河口,20190318,38.92064616208148,121.59777611850379,79中恒泰大厦,3,20201,大连衡德物业管理有限公司,0.4,辽宁,1,二手房,1996
甘井子区金家街17-7号,大连,大连衡锐房屋开发有限公司,甘井子,20190318,38.97493697764367,121.60110987128529,衡逸园一期,26,19256,大连衡锐物业管理公司,1,辽宁,1,二手房,2010
大连市沙河口区黄河路729号,大连,无开发商,沙河口,20190318,38.91710565765228,121.58954758972729,明阳花园小区,11,11927,无物业管理服务,-,辽宁,1,二手房,2000
西岗区长红街4号1号公建,大连,大连融泰房地产开发有限公司,西岗,20190318,38.91377414665191,121.6302525225721,融泰花园,14,24818,大连长春花园物业管理有限公司,0.6,辽宁,1,二手房,1996
沙河口区长江路946号-9,大连,无开发商,沙河口,20190318,38.92295863621255,121.59735298157467,城品城,9,18481,大连万景物业管理有限公司,2,辽宁,1,二手房,2010
甘井子区汇仁街19号12号楼1单元102室,大连,大连华南房地产开发有限公司,甘井子,20190318,38.99746297497168,121.58917714380617,名贵山庄华夏园,9,13487,大连弘益达物业管理有限公司,0.5,辽宁,1,二手房,2004
沙河口区连山街44-2号半地下一层（地上一层部分）,大连,大连宏都房地产开发有限公司,沙河口,20190318,38.892991456958086,121.57299542767161,宏都筑景Ⅱ期,11,27504,东方百瑞物业有限公司,1.8,辽宁,1,二手房,2012
高新园区敬贤街25-9,大连,大连名仕煜光房地产开发有限公司,高新园区,20190318,38.86877373541043,121.52975162654023,名仕智慧谷,15,21543,大连名仕物业管理有限公司,2.5,辽宁,1,二手房,2012
高新园区海苑街36号1单元2号公建,大连,大连百思泰置业有限公司,高新园区,20190318,20.06392317589085,110.32302599457326,柏林水郡,18,18957,大连百嘉物业管理有限公司,1,辽宁,1,二手房,2007
甘井子区知音园20号3单元1层1号,大连,无开发商,高新园区,20190318,38.95546176066109,121.5285003794903,老年公寓,7,18923,无物业管理服务,0.2,辽宁,1,二手房,1995
开发区松苑街23号,大连,暂无信息,开发区,20190318,22.52087710763645,113.40156104777168,松峪里二期,8,13213,大连中信物业管理有限公司,0.5,辽宁,1,二手房,2000
甘井子辛吉街150号-7号,大连,大连新星房地产开发有限公司,甘井子,20190318,38.96309956105142,121.52341678860995,新星绿城二期,18,13353,大连生生物业管理有限公司,0.5,辽宁,1,二手房,2005
中山区民运巷 47号1层2号,大连,大连连城房地产开发有限公司,中山,20190318,38.905955122300846,121.64798148011702,葵英林苑,7,15986,无物业管理服务,-,辽宁,1,二手房,2005
中山区共建巷61号,大连,大连新型房地产开发总公司,中山,20190318,38.91828093658718,121.66259221532148,南山苑,12,34420,大连新型物业管理有限公司,1.5,辽宁,1,二手房,1990
沙河口区民权街324号,大连,大连中源翔房屋开发有限公司,沙河口,20190318,38.92064616208148,121.59777611850379,79中五四华庭,6,27216,大连祥益物业管理有限公司,2.6,辽宁,1,二手房,2008
中山区三八广场5号,大连,大连宏正房地产开发有限公司,中山,20190318,38.92540000551715,121.6642911149562,宏都嘉园,3,22352,大连宏进物业管理有限公司,1.5,辽宁,1,二手房,2002
沙河口区鞍山路65号美都园7号1单元1层4号公建,大连,大连诚瑞项目管理有限公司,沙河口,20190318,38.92727525772336,121.60296423346817,万向城,35,11796,大连好管家物业管理有限公司,1.9,辽宁,1,二手房,2010
甘井子区汇仁街19号12号楼1单元102室,大连,大连华南房地产开发有限公司,甘井子,20190318,38.99746297497168,121.58917714380617,名贵山庄华彩园,10,12816,大连弘益达物业管理有限公司,0.5,辽宁,1,二手房,2004
沙河口区富国街14号1-1-2,大连,大连永辉房地产开发有限公司,沙河口,20190318,38.901027106600836,121.59047734850638,百年汇,86,18271,大连百年城物业管理有限公司,2.8,辽宁,1,二手房,2007
沙河口区兰田街33号,大连,渤海恒达房屋开发有限公司,沙河口,20190318,38.926138912221084,121.56486022834609,西苑小区,29,12482,大连西苑物业管理有限公司,0.3,辽宁,1,二手房,1997
沙河口区民权街324号,大连,暂无信息,沙河口,20190318,38.92064616208148,121.59777611850379,79中民权小区,11,16354,大连福港物业管理有限公司,0.2,辽宁,1,二手房,1997
中山区爱华街13号,大连,无开发商,中山,20190318,38.92541607518685,121.6535728031028,九中爱华街,8,39370,无物业管理服务,-,辽宁,1,二手房,1992
天河路173-2号 华润考拉22号公建,大连,大连华南房地产开发有限公司,甘井子,20190318,23.147151253133927,113.3277313198351,名贵山庄华丽园,15,13307,大连弘益达物业管理有限公司,0.5,辽宁,1,二手房,2002
沙河口区红旗东路18-22号2单元1楼3号,大连,大连益海房屋开发有限公司,沙河口,20190318,38.921778341674376,121.58261780680284,西苑花园,6,14101,大连宏溢达物业管理有限公司,0.5,辽宁,1,二手房,2000
西岗区绕山路31号公建一层东侧,大连,大连泰安房地产开发有限公司,西岗,20190318,38.90257514466717,121.61412736644739,同香山庄,13,15907,同香物业管理有限公司,0.5,辽宁,1,二手房,1989
西岗区新田巷11号三单元103,大连,大连龙润房屋开发有限公司,西岗,20190318,38.89276612016956,121.64190731791966,叠彩桃源,6,17506,大连龙润物业管理有限公司,0.8,辽宁,1,二手房,2003
无门店信息,大连,大连万科房地产开发有限公司,旅顺口,20190318,34.52713835999158,118.76812980670795,万科樱花园,39,13008,大连万科物业服务有限公司,2.4,辽宁,1,二手房,2014
中山区鲁迅路204号百盛新药特药商店一楼西侧部分,大连,大连东亚房地产开发有限公司,中山,20190318,38.92576188797548,121.6771337100355,蓝色海岸,5,14648,大连峰霖物业管理有限公司,0.5,辽宁,1,二手房,2002
甘井子区汇仁街19号12号楼1单元102室,大连,大连华南房地产开发有限公司,甘井子,20190318,38.99746297497168,121.58917714380617,名贵山庄金盛园,14,15335,大连弘益达物业管理有限公司,0.5,辽宁,1,二手房,2004
甘井子区锦城东园1号3单元1层2号,大连,大连福田房屋开发有限公司,甘井子,20190318,38.952805477462775,121.55656194973994,福典人家,25,21319,大连福田房屋物业管理有限公司,0.6,辽宁,1,二手房,2006
大连市甘井子区丰收路3-5号,大连,无开发商,甘井子,20190318,38.965377255081755,121.58288415324094,王家桥,57,15497,大连铁路物业管理有限公司,0.1,辽宁,1,二手房,1989
中山区金城街26号一楼,大连,无开发商,中山,20190318,38.922282529515634,121.65214466263014,九中武汉街,7,39348,无物业管理服务,-,辽宁,1,二手房,1991
沙河口区五四路207-1-9号,大连,大连华邦房地产开发有限公司,沙河口,20190318,38.906488732904506,121.5996637934482,华邦上都,19,19698,大连华邦物业有限公司,1.7,辽宁,1,二手房,2006
中山区碧浪园4号-3号,大连,大连三寰房地产开发有限公司,中山,20190318,38.89147289460474,121.69329560326236,碧浪园二期,9,16633,大连峰霖物业管理有限公司,0.3,辽宁,1,二手房,2002
甘井子区柳树南街45-10号,大连,大连顺达房屋开发有限公司,甘井子,20190318,38.92567666296449,121.4841330254372,顺达温泉花园三期,37,11642,大连顺达物业服务有限公司,0.6,辽宁,1,二手房,2007
中山区秀月街37号1层2号,大连,大连澳南房屋开发有限公司,中山,20190318,38.88757907576307,121.66311065527876,清溪南苑,5,18016,大连中园房地产物业公司,0.6,辽宁,1,二手房,2003
岭前街53-5,大连,大连九龙仓绿城置业有限公司,中山,20190318,38.89487069426055,121.65795959631497,绿城九龙仓桃源里,22,25558,绿城物业服务集团有限公司大连分公司,3.8,辽宁,1,二手房,2016
金州区小平岛B组团4号楼3号商铺,大连,大连圣岛房地产开发有限公司,高新园区,20190318,39.2986190718601,121.95658248043723,小平岛揽海名寓,28,20034,大连凯尔富物业管理有限公司,1.7,辽宁,1,二手房,2010
西岗区新田巷11号三单元103,大连,大连莱茵海岸度假村有限公司,西岗,20190318,38.89276612016956,121.64190731791966,隆泉华庭,3,17342,大连万恒物业管理有限公司,1,辽宁,1,二手房,2003
甘井子区山东路137号,大连,大连新型房地产开发有限公司,甘井子,20190318,38.99129404608926,121.59172125999353,华南花园,29,12903,大连天洋物业管理有限公司,0.3,辽宁,1,二手房,1990
中山区鲁迅路184号1层B—A,大连,大连华顺房地产开发公司,中山,20190318,38.92590875965419,121.67594393403164,春和花园,9,15173,大连华富物业管理有限公司,0.5,辽宁,1,二手房,2004
甘井子区红旗西路104-7,大连,大连盛达实业总公司,甘井子,20190318,38.940012695252975,121.52780738260293,盛新园,33,12084,大连盛新物业管理有限公司,0.3,辽宁,1,二手房,2000
西岗区鞍山路65-5号,大连,大连大重房屋开发有限公司,沙河口,20190318,38.92701992456326,121.60258216167713,江都春华园,2,27252,大连万兴物业管理有限公司,0.8,辽宁,1,二手房,2008
天河路173-2号 华润考拉22号公建,大连,大连世隆房地产开发有限公司,甘井子,20190318,23.147151253133927,113.3277313198351,桑尼小镇,21,15409,大连大家物业管理有限公司,1.9,辽宁,1,二手房,2014
沙河口区黄浦路18号—5号公建,大连,无开发商,高新园区,20190318,38.8771225143479,121.54427480390662,东电小区,16,14732,大连凌电物业管理有限公司,0.3,辽宁,1,二手房,1992
沙河口区昌黎街77号楼第1层公建,大连,暂无信息,沙河口,20190318,38.91974518366595,121.5902918379551,尚品天城,9,21058,大连永嘉物业管理公司,1.2,辽宁,1,二手房,1999
中山区安居巷7号,大连,大连银洲房地产开发有限公司,中山,20190318,38.900436431991984,121.67796628922625,中央公馆,25,13118,大连银洲物业管理有限公司,3.5,辽宁,1,二手房,2004
中山区安居巷7号,大连,大连长荣房屋开发有限公司,中山,20190318,38.900436431991984,121.67796628922625,休斯顿公寓,32,13465,大连长荣物业管理有限公司,2.6,辽宁,1,二手房,2003
中山区民建街10号1单元1号,大连,无开发商,中山,20190318,38.925444479476894,121.66915026954452,39中学士街,28,19658,无物业管理服务,-,辽宁,1,二手房,1995
甘井子区凌秀路37号-1链家地产,大连,千汇德（大连）置业有限公司,高新园区,20190318,38.883794285403965,121.52361997548515,哈佛世纪,26,19327,大连千汇德物业管理有限公司,2.4,辽宁,1,二手房,2014
甘井子区辛寨子街道中冶蓝城辛虹园39-7号公建,大连,大连中冶京诚置业有限公司,甘井子,20190318,38.98155611421408,121.49259383356096,中冶蓝城C区,36,16858,大连添翼物业服务有限公司,2,辽宁,1,二手房,2011
沙河口区长江路738号,大连,大连城市建设集团有限公司,沙河口,20190318,38.92379936592553,121.61207696256155,21中广电中心,24,19900,无物业管理服务,-,辽宁,1,二手房,1992
沙河口区星海广场B3区14-9,大连,半岛集团,沙河口,20190318,38.887408126588866,121.58732762887982,半岛听涛,13,23265,大连半岛物业管理有限公司,2.6,辽宁,1,二手房,2007
大连市高新园区七贤中路63号,大连,大连乾丞房地产开发有限公司,高新园区,20190318,38.86053006357667,121.53273606963094,昊宇山海湾,13,23406,大连三和住邦物业管理有限公司,2.6,辽宁,1,二手房,2015
西岗区黄河路90号公建部分,大连,无开发商,西岗,20190318,38.92234529815978,121.62829331825485,37中合谊街,7,15594,无物业管理服务,-,辽宁,1,二手房,1993
中山区民建街10号1单元1号,大连,无开发商,中山,20190318,38.925444479476894,121.66915026954452,39中明阳街,30,19928,无物业管理服务,-,辽宁,1,二手房,1993
沙河口区连山街44-2号半地下一层（地上一层部分）,大连,无开发商,沙河口,20190318,38.892991456958086,121.57299542767161,星海嘉园,3,16242,街道办事处（居委会）代管物业,0.5,辽宁,1,二手房,2001
沙河口区兰田街33号,大连,大连大力房地产开发有限公司,沙河口,20190318,38.926138912221084,121.56486022834609,电业逸彩园,8,18103,大连亿安物业管理有限公司,0.5,辽宁,1,二手房,2002
中山区三八广场5号,大连,大连新型房地产开发总公司,中山,20190318,38.92540000551715,121.6642911149562,二七公寓,11,18626,大连新型物业管理有限公司,0.8,辽宁,1,二手房,1999
甘井子区迎客路郭东街一品蓝天公建14号,大连,沈阳军区后勤部,甘井子,20190318,38.958456949708726,121.556756277476,金寓花园三期,5,18433,大连瑞祥物业管理有限公司,1,辽宁,1,二手房,2009
沙河口区星海广场B3区14-9,大连,大连科宏房屋开发有限公司,沙河口,20190318,38.887408126588866,121.58732762887982,科宏花园,7,15161,无物业管理服务,-,辽宁,1,二手房,2000
甘井子区华东路33-5号,大连,大连凯祥房地产开发有限公司,甘井子,20190318,38.97497080220593,121.59479866243332,商城花园,20,11589,大连凯祥物业管理有限公司,0.5,辽宁,1,二手房,2000
中山区虎滩路176号4-1-2,大连,大连三寰房地产开发有限公司,中山,20190318,38.890884710033156,121.69257379232747,碧涛北园,31,11367,大连虎滩置业物业管理有限公司,0.2,辽宁,1,二手房,1997
中山区共建巷61号,大连,无开发商,中山,20190318,38.91828093658718,121.66259221532148,39中望海街,10,25861,街道办事处（居委会）代管物业,0.5,辽宁,1,二手房,1995
无门店信息,大连,大连腾达房地产开发有限公司,中山,20190318,34.52713835999158,118.76812980670795,紫竹轩,13,16226,大连市晟阳物业管理有限公司,1,辽宁,1,二手房,2003
沙河口区民权街324号,大连,无开发商,沙河口,20190318,38.92064616208148,121.59777611850379,富鸿国际大厦,8,13940,北京凯莱物业管理有限公司大连分公司,1.5,辽宁,1,二手房,2000
西岗区黄河路90号公建部分,大连,无开发商,西岗,20190318,38.92234529815978,121.62829331825485,长江杰座,10,25409,大连长江物业管理有限公司,1.5,辽宁,1,二手房,2004
沙河口区黄浦路18号—5号公建,大连,大连良运房地产开发有限公司,高新园区,20190318,38.8771225143479,121.54427480390662,翰林观海公寓,22,18248,大连良运物业管理有限公司,0.8,辽宁,1,二手房,2003
沙河口区长江路946号-9,大连,大连北洋房屋开发公司,沙河口,20190318,38.92295863621255,121.59735298157467,北洋小区,9,14307,大连天洋物业管理有限公司,0.5,辽宁,1,二手房,1999
中山区东港龙湖水晶郦湾7-102,大连,大连一方东港置地有限公司,中山,20190318,38.924700620463895,121.70344398518496,中庚当代艺术,16,25690,大连中庚物业管理有限公司,4.5,辽宁,1,二手房,2015
无门店信息,大连,大连长鹭房屋开发有限公司,甘井子,20190318,34.52713835999158,118.76812980670795,晶品森岚,14,15813,大连旺宇物业有限公司,1.3,辽宁,1,二手房,2009
大连市高新园区软件园路1A-3号,大连,无开发商,高新园区,20190318,38.89360013642285,121.54653763548625,中辰国际公寓,3,16596,大连阿尔滨汇城物业服务有限公司,2.5,辽宁,1,二手房,2008
甘井子区华北路花锦园28号23-3-1-2建筑物,大连,大连东特房地产开发有限公司,甘井子,20190318,38.951627958411166,121.5739439799003,东特星中环,16,16110,大连东特祥禾物业管理有限公司,0.8,辽宁,1,二手房,2006
中山区东港龙湖水晶郦湾7-102,大连,大连创富房地产开发有限公司,中山,20190318,38.924700620463895,121.70344398518496,中国铁建国滨苑,21,25545,北京国贸物业,4.3,辽宁,1,二手房,2015
大连市甘井子区七贤路8-3号,大连,大连高新万达广场投资有限公司,高新园区,20190318,38.86659077085588,121.5392980566355,万达海公馆,25,30415,大连万达物业管理有限公司,4.5,辽宁,1,二手房,2015
中山区安居巷7号,大连,大连铁路房地产开发有限责任公司,西岗,20190318,38.900436431991984,121.67796628922625,沈铁铭悦（大菜市商圈）,7,17281,大连铁路物业管理有限公司,1.5,辽宁,1,二手房,2014
沙河口区昌黎街77号楼第1层公建,大连,大连城市建设集团有限公司,沙河口,20190318,38.91974518366595,121.5902918379551,79中君安公寓,12,17033,大连广安物业有限公司,1.2,辽宁,1,二手房,1998
甘井子区柳树南街45-10号,大连,中体产业集团大连乐百年置业有限公司,甘井子,20190318,38.92567666296449,121.4841330254372,水木清华,23,12981,大连辰谊物业管理有限公司,1.2,辽宁,1,二手房,2009
开发区安盛里5栋-4,大连,中房集团大连房地产有限公司,开发区,20190318,23.112106678834838,113.27801046214822,盛德嘉洲,12,14333,大连中鸣物业服务有限公司,1.8,辽宁,1,二手房,2009
中山区中南路店212号门头房,大连,峰尚房屋开发有限公司,中山,20190318,38.91149759691359,121.67700561077149,峰尚中南,17,16092,大连银洲物业管理有限公司,2.2,辽宁,1,二手房,2011
经济技术开发区红星海-A区81-2号1层,大连,远洋地产有限公司,开发区,20190318,39.027851194371685,121.80327394132297,红星海三期境界,85,13666,大连远洋基业物业管理有限公司,2.2,辽宁,1,二手房,2012
沙河口区联合路133号,大连,暂无信息,沙河口,20190318,38.91608561262676,121.60480987310456,21中天兴花园二期,6,19781,大连万泰物业管理有限公司,0.5,辽宁,1,二手房,1998
无门店信息,大连,大连万林房地产开发有限公司,甘井子,20190318,34.52713835999158,118.76812980670795,我爱我家,14,14298,大连弘实物业管理有限公司,1.3,辽宁,1,二手房,2011
沙河口区西南路96号1层2号,大连,无开发商,沙河口,20190318,38.890863095482466,121.56788114713203,大医物业,7,13896,街道办事处（居委会）代管物业,0.5,辽宁,1,二手房,1990
中山区民建街10号1单元1号,大连,无开发商,中山,20190318,38.925444479476894,121.66915026954452,39中太阳街,15,21530,无物业管理服务,-,辽宁,1,二手房,1996
中山区中南路226号,大连,大连华钧房地产开发有限公司,中山,20190318,38.90029610333926,121.68178899957817,半山花园,6,12366,大连仁和物业管理有限公司,0.7,辽宁,1,二手房,2000
中山区民建街10号1单元1号,大连,无开发商,中山,20190318,38.925444479476894,121.66915026954452,39中爱阳街,19,19769,无物业管理服务,-,辽宁,1,二手房,1993
沙河口区成仁街91号,大连,无开发商,沙河口,20190318,38.91539947107844,121.59585638842556,科技广场,23,12494,街道办事处（居委会）代管物业,0.8,辽宁,1,二手房,2001
沙河口区兰田街33号,大连,无开发商,沙河口,20190318,38.926138912221084,121.56486022834609,858家园,6,13091,无物业管理服务,-,辽宁,1,二手房,2000
甘井子区迎客路郭东街一品蓝天公建14号,大连,沈阳军区后勤部,甘井子,20190318,38.958456949708726,121.556756277476,金寓花园五期,9,18513,大连瑞祥物业管理有限公司,1,辽宁,1,二手房,2009
莲花山路89-3号,大连,大连兴达房地产有限公司,西岗,20190318,38.90273559371702,121.6046814926709,香都花园,4,15376,大连香都物业管理有限公司,0.8,辽宁,1,二手房,1993
甘井子区甘井子街3号公建,大连,无开发商,甘井子,20190318,38.982086281836246,121.63426694995971,东翠鸣苑,19,14447,大连亿新物业管理有限公司,0.5,辽宁,1,二手房,2006
甘井子区泉水B5区27-9,大连,大连运达房地产集团有限公司,甘井子,20190318,39.014833760509994,121.60955220395961,锦泉源B6区,13,14083,政治物业管理有限公司,0.5,辽宁,1,二手房,2012
中山区杏林街66—5号,大连,大连泰元房地产开发有限公司,中山,20190318,38.9244189768098,121.6630029448549,保华旺苑,13,28884,保华物业管理（大连）有限公司,3.8,辽宁,1,二手房,2016
沙河口区西南路40号楼,大连,大连金通房屋开发有限公司,沙河口,20190318,38.94141605900714,121.58612100465703,海韵花园,7,14472,大连金通物业管理有限公司,0.4,辽宁,1,二手房,2000
中山区金城街26号一楼,大连,无开发商,中山,20190318,38.922282529515634,121.65214466263014,39中南山街,10,26624,无物业管理服务,-,辽宁,1,二手房,1995
开发区金马路169-2-6号房屋,大连,大连亿锋集团有限公司,开发区,20190318,39.055616222703364,121.78435683280883,铜锣湾,40,10850,亿锋豪景物业管理有限公司,1.2,辽宁,1,二手房,2004
无门店信息,大连,大连明和房地产开发有限公司,开发区,20190318,34.52713835999158,118.76812980670795,知语山园,32,10617,大连大众物业管理有限公司,1.3,辽宁,1,二手房,2012
中山区杏林街66—5号,大连,无开发商,中山,20190318,38.9244189768098,121.6630029448549,39中民生里,12,28954,街道办事处（居委会）代管物业,0.5,辽宁,1,二手房,1990
沙河口区联合路133号,大连,大连五环房屋开发有限公司,沙河口,20190318,38.91608561262676,121.60480987310456,汇利嘉园,6,23148,大连银力物业管理有限公司,0.5,辽宁,1,二手房,2003
中山区中南路226号,大连,大连澳南房屋开发有限公司,中山,20190318,38.90029610333926,121.68178899957817,伊顿山庄,11,23351,大连澳南物业管理有限公司,0.8,辽宁,1,二手房,2005
甘井子区锦城西园4#3-1-1,大连,沈阳军区后勤部,甘井子,20190318,38.95286223185571,121.55129044777,金寓花园一期,3,15735,大连瑞祥物业管理有限公司,0.5,辽宁,1,二手房,2003
沙河口区五四路207-1-9号,大连,无开发商,沙河口,20190318,38.906488732904506,121.5996637934482,动力花园,0,20709,无物业管理服务,-,辽宁,1,二手房,2004
开发区兴城路29-81层,大连,无开发商,开发区,20190318,39.05020829677517,121.7578103751747,佳和园,14,13767,大连西海岸物业管理有限公司,1,辽宁,1,二手房,2005
沙河口区前程街46号4—1—2号,大连,大连渤海红旗集团有限公司,甘井子,20190318,38.921778341674376,121.58261780680284,兰丰巷,18,10304,大连辽南物业管理有限公司,0.2,辽宁,1,二手房,1992
西岗区新田巷11号三单元103,大连,大连市中联房地产开发有限公司,西岗,20190318,38.89276612016956,121.64190731791966,卧龙山庄,11,13903,大连健龙物业管理有限公司,0.5,辽宁,1,二手房,2001
高新园区书香街1A#1-1-2,大连,大连和升房地产开发有限公司,高新园区,20190318,38.880372108393104,121.55218773010999,学苑广场九号,7,28781,大连戴德梁行物业管理有限公司,2.8,辽宁,1,二手房,2017
中山区解放路604号,大连,大连雅风房屋开发有限公司,中山,20190318,38.89026319122045,121.66407876092346,桃源旺座,2,17369,大连豪斯沃克物业有限公司,1,辽宁,1,二手房,2007
中山区民建街10号1单元1号,大连,大连安达房地产开发有限公司,中山,20190318,38.925444479476894,121.66915026954452,39中安达大厦,29,15081,大连凯尔物业管理有限责任公司,0.5,辽宁,1,二手房,2008
中山区杏林街66—5号,大连,大连嘉和房地产集团有限公司,中山,20190318,38.9244189768098,121.6630029448549,嘉和园,3,24295,大连嘉和物业管理有限公司,3,辽宁,1,二手房,2005
甘井子区泉水P3区35-2号,大连,大连鑫成置业有限公司,甘井子,20190318,39.01527710332192,121.63580499384456,欧尚广场,39,17599,大连宏华物业服务有限公司,1.5,辽宁,1,二手房,2014
沙河口区兰田街33号,大连,无开发商,沙河口,20190318,38.926138912221084,121.56486022834609,兰玉街,21,11664,街道办事处（居委会）代管物业,0.4,辽宁,1,二手房,1990
沙河口区兰田街33号,大连,无开发商,沙河口,20190318,38.926138912221084,121.56486022834609,马栏广场,11,11393,无物业管理服务,0.4,辽宁,1,二手房,2000
甘井子区泉水H3区15号3单元1层2号,大连,大连新型房地产开发有限公司,甘井子,20190318,39.00158439075201,121.62616882572375,龙畔金泉一期,17,11265,大连新型物业管理有限公司,0.5,辽宁,1,二手房,2002
甘井子区虹港路391号第五幢1单元1跃2层3号,大连,大连恒宇房地产开发有限公司,甘井子,20190318,38.96606635942528,121.53201387432493,恒宇祥苑,5,10913,亿达物业管理有限公司,0.5,辽宁,1,二手房,2003
开发区东北三街94号1层,大连,大连港连房地产开发有限公司,开发区,20190318,39.05723508011585,121.80570768630555,海航YOHO湾,33,10080,海航物业管理有限公司大连分公司,1.8,辽宁,1,二手房,2014
甘井子区泉水D1区10-2#1-1-7,大连,大连春达房屋开发有限公司,甘井子,20190318,39.014763910942854,121.61661407462454,景富铭苑,19,12647,庄河金城物业管理有限公司,0.5,辽宁,1,二手房,2004
开发区松苑街23号,大连,大连众益神州地产开发有限公司,开发区,20190318,22.52087710763645,113.40156104777168,松海庄园二期,12,12456,大连万达物业管理有限公司,0.5,辽宁,1,二手房,2000
金州区拥政街道733号-8号1-2层,大连,大连千川房地产有限公司,金州,20190318,39.11690610445662,121.73030803603723,湖畔嘉园,14,10250,大连千川物业管理有限公司,3.8,辽宁,1,二手房,2007
无门店信息,大连,大连鲁能置业有限公司,金州,20190318,34.52713835999158,118.76812980670795,鲁能优山美地,146,10552,长城物业集团股份有限大连分公司,1.8,辽宁,1,二手房,2012
大连市高新园区七贤中路63号,大连,大连龙海房地产开发有限公司,高新园区,20190318,38.86053006357667,121.53273606963094,华录园,12,14595,无物业管理服务,-,辽宁,1,二手房,1995
开发区红星海B区212-1,大连,远洋地产有限公司,开发区,20190318,39.027851194371685,121.80327394132297,红星海珑筑,35,20478,大连远洋基业物业管理有限公司,3.5,辽宁,1,二手房,2016
甘井子区华龙南园12-4-3-1-3,大连,大连融汇置业有限公司,甘井子,20190318,38.98528794231248,121.61028969481718,格林翠庭,14,15481,北京房修一物业管理有限公司,1.3,辽宁,1,二手房,2009
甘井子区凌秀路37号-1链家地产,大连,无开发商,高新园区,20190318,38.883794285403965,121.52361997548515,海事附小,14,13851,街道办事处（居委会）代管物业,0.5,辽宁,1,二手房,1990
中山区鲁迅路184号1层B—A,大连,无开发商,中山,20190318,38.92590875965419,121.67594393403164,39中山岳街,7,18315,无物业管理服务,-,辽宁,1,二手房,1998
沙河口区新生路万客园3-7,大连,大连公屋发展有限公司,沙河口,20190318,38.94412875710208,121.57006756704837,春柳人家,1,16052,大连德衡物业管理有限公司,0.5,辽宁,1,二手房,2003
中山区职工街96号1-3层公建,大连,大连嘉和房地产开发有限公司,中山,20190318,38.92565613737007,121.66193575790903,嘉和花样年华四期,5,25251,大连嘉和物业管理有限公司,3.8,辽宁,1,二手房,2005
甘井子区芳林街17号1单元1层1号,大连,无开发商,甘井子,20190318,38.96091976856697,121.58863625429588,顺发路,20,12878,街道办事处（居委会）代管物业,0.2,辽宁,1,二手房,1993
中山区爱华街13号,大连,大连一方地产有限公司,中山,20190318,38.92541607518685,121.6535728031028,大连国际酒店,18,23178,大连一方物业管理有限公司,3.0,辽宁,1,二手房,2006
大连市甘井子中华路街道汇畅街48号,大连,北方沿海房地产开发（大连）有限公司,甘井子,20190318,39.00552323996268,121.59684207363269,沿海鉴筑反正LOFT,24,13773,美佳物业管理（深圳）有限公司大连分公司,1.8,辽宁,1,二手房,2013
无门店信息,大连,大连新跃房地产开发有限公司,金州,20190318,34.52713835999158,118.76812980670795,金海国际花园,182,7903,盘锦瀚新物业管理有限公司,1,辽宁,1,二手房,2015
红星海A区126-4,大连,远洋地产有限公司,开发区,20190318,39.027851194371685,121.80327394132297,红星海郡墅二号,14,20148,大连远洋基业物业管理有限公司,3.5,辽宁,1,二手房,2012
开发区金源南里14栋-11号一层部分，14号-12号一层部分,大连,大连开建房地产开发有限公司,开发区,20190318,39.06148997014026,121.82510513314875,金源北里安居小区,48,7958,嘉兴物业管理有限公司,0.3,辽宁,1,二手房,1999
甘井子区惠泽南园3-4号,大连,大连泓良房地产开发有限公司,甘井子,20190318,38.939326611323615,121.52337842113351,山水秀景,11,14735,大连三和住邦物业管理有限公司,1,辽宁,1,二手房,2007
甘井子区凌秀路37号-1链家地产,大连,大连汇基房地产开发有限公司,高新园区,20190318,38.883794285403965,121.52361997548515,学仕名府,16,20272,大连意美物业服务有限公司,2.4,辽宁,1,二手房,2014
沙河口区西南路643号,大连,大连澳南房屋开发公司,沙河口,20190318,38.943483429804665,121.5833555851182,金福小区,10,11068,无物业管理服务,-,辽宁,1,二手房,2000
开发区翠竹小区33栋4-1-1号,大连,暂无信息,开发区,20190318,30.635492106460237,119.69169575745704,翠竹中区,29,9640,嘉兴物业管理有限公司,0.3,辽宁,1,二手房,1996
沙河口区锦石路8号,大连,大连锦绣房地产开发有限公司,沙河口,20190318,38.94771288948481,121.56110903658733,锦泉中园,33,12063,大连锦绣物业管理有限公司,0.3,辽宁,1,二手房,1996
莲花山路89-3号,大连,无开发商,沙河口,20190318,38.90273559371702,121.6046814926709,新华街,9,13144,无物业管理服务,-,辽宁,1,二手房,1999
中山区安居巷7号,大连,大连鸿霖房地产开发有限公司,中山,20190318,38.900436431991984,121.67796628922625,鸿霖大厦,30,9535,大连凯立宏物业管理有限公司,3.2,辽宁,1,二手房,2004
经济技术开发区红星海-A区81-2号1层,大连,远洋地产有限公司,开发区,20190318,39.027851194371685,121.80327394132297,红星海二期领墅,26,24374,大连远洋基业物业管理有限公司,0.5,辽宁,1,二手房,2009
金州区凤祥路236-2,大连,大连鸿玮置业有限公司,金州,20190318,39.08547607514868,121.7749730382401,鸿玮澜山二期,40,14318,大连鸿玮物业服务有限公司,1.8,辽宁,1,二手房,2015
沙河口区中山路417A-4号,大连,大连电业房地产开发有限公司,沙河口,20190318,38.90734671814175,121.59482182703752,电力公寓,10,15649,街道办事处（居委会）代管物业,0.7,辽宁,1,二手房,2000
甘井子区惠泽南园3-4号,大连,大连鑫河房地产开发有限公司,甘井子,20190318,38.939326611323615,121.52337842113351,绿色家园,8,11652,绿色家园物业管理有限公司,0.3,辽宁,1,二手房,2005
甘井子区华北路花锦园28号23-3-1-2建筑物,大连,大连万科蓝山房地产开发有限公司,甘井子,20190318,38.951627958411166,121.5739439799003,万科公园里,6,28562,大连万科物业服务有限公司,1.5,辽宁,1,二手房,2015
甘井子区华东路22号公建,大连,大连盖特房地产开发有限公司,甘井子,20190318,38.97736184953593,121.5935814234334,盖特名园,9,11799,大连弘益达物业管理有限公司,0.5,辽宁,1,二手房,2004
甘井子区山东路商业街D区12号公建,大连,无开发商,甘井子,20190318,39.001060021502965,121.58883960371418,七绣路,29,11425,街道办事处（居委会）代管物业,0.5,辽宁,1,二手房,1996
开发区高新里6栋-8,大连,无开发商,开发区,20190318,39.0710895068195,121.82860134358343,新港家园,29,8528,龙祥物业管理有限公司,0.3,辽宁,1,二手房,2003
无门店信息,大连,大连运达房地产集团有限公司,甘井子,20190318,34.52713835999158,118.76812980670795,运达诺维溪谷二期,28,16131,大连运达物业有限公司,1.8,辽宁,1,二手房,2012
开发区红星海-B区89-1号,大连,远洋地产有限公司,开发区,20190318,39.027851194371685,121.80327394132297,红星海三期视界,44,14856,大连远洋基业物业管理有限公司,2.2,辽宁,1,二手房,2012
沙河口区黄埔路427号,大连,暂无信息,高新园区,20190318,38.921778341674376,121.58261780680284,海洋环保所,10,17044,单位自管物业,0.2,辽宁,1,二手房,1981
金州区光明街道育才街42-6号1-2层,大连,暂无信息,金州,20190318,39.109080894078986,121.7182584929096,芙蓉花园（金州）,36,9505,大连金州新区建房物业管理中心,0.6,辽宁,1,二手房,2007
开发区红星海B区212-1,大连,远洋地产有限公司,开发区,20190318,39.027851194371685,121.80327394132297,红星海五期海麓,11,17807,大连远洋基业物业管理有限公司,2.2,辽宁,1,二手房,2012
甘井子区惠泽南园3-7号,大连,大连利丰房地产开发有限公司,甘井子,20190318,38.939326611323615,121.52337842113351,国安宜居,14,18237,大连易明物业服务有限公司,2,辽宁,1,二手房,2014
西岗区长春路334号,大连,无开发商,西岗,20190318,38.89807766522607,121.63221082858387,鹏程家园,6,16018,街道办事处（居委会）代管物业,0.5,辽宁,1,二手房,2002
甘井子区促进路30号2-1-1,大连,大连天河房地产开发集团有限公司,甘井子,20190318,38.954133128707575,121.58355746311207,促进路,14,11795,无物业管理服务,0.1,辽宁,1,二手房,1982
中山区鲁迅路184号1层B—A,大连,无开发商,中山,20190318,38.92590875965419,121.67594393403164,听海新居,0,19421,大连兆宇物业管理有限公司,0.6,辽宁,1,二手房,2003
沙河口区联合路133号,大连,亿达集团大连房地产开发有限公司,沙河口,20190318,38.91608561262676,121.60480987310456,21中亿达广场,3,18860,亿达物业管理有限公司,1.2,辽宁,1,二手房,1999
甘井子区汇达园26号,大连,大连红星美凯龙投资发展有限公司,甘井子,20190318,38.99704654604941,121.59758808878767,红星国际广场,126,15272,红星物业管理有限公司,1.5,辽宁,1,二手房,2014
无门店信息,大连,大连乾豪集团有限公司,开发区,20190318,34.52713835999158,118.76812980670795,乾豪海岸花园,12,16208,大连乾豪物业管理有限公司,2,辽宁,1,二手房,2003
西岗区胜利路33号,大连,暂无信息,西岗,20190318,38.91309771954841,121.62500886627636,34中纪念街,54,26235,无物业管理服务,-,辽宁,1,二手房,1990
开发区红星海-B区89-1号,大连,远洋地产有限公司,开发区,20190318,39.027851194371685,121.80327394132297,红星海五期鼎墅,23,25492,大连远洋基业物业管理有限公司,4.8,辽宁,1,二手房,2012
中山区金城街26号一楼,大连,暂无信息,中山,20190318,38.922282529515634,121.65214466263014,解放街,21,25395,无物业管理服务,-,辽宁,1,二手房,1982
无门店信息,大连,大连新兴海韵房地产开发有限公司,开发区,20190318,34.52713835999158,118.76812980670795,白石湾小区,6,8659,大连海韵物业管理有限公司,0.8,辽宁,1,二手房,2006
中山区山屏街116号1-1,大连,无开发商,中山,20190318,38.90729438486833,121.68598159980013,怡和街,33,11968,街道办事处（居委会）代管物业,0.5,辽宁,1,二手房,1990
高新园区聚贤路36号5幢1单元1层1号,大连,九成方元房地产（大连）有限公司,高新园区,20190318,32.31472011562832,119.46141263909165,福荣园,7,20514,九成物业（大连）有限公司,2.6,辽宁,1,二手房,2015
中山区解放路604号,大连,无开发商,中山,20190318,38.89026319122045,121.66407876092346,鸣鹤街,6,15225,街道办事处（居委会）代管物业,0.5,辽宁,1,二手房,1998
中山区秀月街37号1层2号,大连,无开发商,中山,20190318,38.88757907576307,121.66311065527876,小龙街,9,17517,无物业管理服务,0.5,辽宁,1,二手房,1985
高新园区海苑街30号1单元1号公建,大连,大连大有文园房屋开发有限公司,高新园区,20190318,20.06392317589085,110.32302599457326,大有文园公寓,17,10863,大连大有恬园物业管理有限公司,2,辽宁,1,二手房,2010
甘井子区柳树南街45-11号,大连,大连顺达房屋开发有限公司,甘井子,20190318,38.93107538811559,121.48785133651938,顺达温泉花园一期,10,10499,大连顺达物业服务有限公司,0.6,辽宁,1,二手房,2003
开发区兴城路29-81层,大连,大连瑞宇置业有限公司,开发区,20190318,39.05020829677517,121.7578103751747,心海阳光,15,13018,大连经济技术开发区盛辉物业服务有限公司,1.8,辽宁,1,二手房,2015
中山区金城街26号一楼,大连,无开发商,中山,20190318,38.922282529515634,121.65214466263014,39中柳林街,4,27372,街道办事处（居委会）代管物业,-,辽宁,1,二手房,1992
金州区凤翔路220号,大连,大连鸿玮置业有限公司,金州,20190318,39.08410553937731,121.77700083356399,鸿玮澜山一期,33,15750,大连鸿玮物业服务有限公司,1.8,辽宁,1,二手房,2009
无门店信息,大连,大连龙湖西城置业有限公司,甘井子,20190318,34.52713835999158,118.76812980670795,龙湖滟澜山,41,19965,大连龙湖物业服务有限公司,6.6,辽宁,1,二手房,2015
甘井子区惠泽南园3-7号,大连,大连盛达基业房地产开发有限公司,甘井子,20190318,38.939326611323615,121.52337842113351,西山湖语,7,15612,大连旺宇物业有限公司,1.8,辽宁,1,二手房,2014
开发区金源南里14栋-11号一层部分，14号-12号一层部分,大连,商金源地产,开发区,20190318,39.06148997014026,121.82510513314875,金苑新居,11,8404,嘉兴物业管理有限公司,0.3,辽宁,1,二手房,2004
大连开发区金马路169-2-8号,大连,大连德泰控股有限公司,开发区,20190318,39.055616222703364,121.78435683280883,德泰时代广场,28,13416,大连德泰物业管理有限公司,0.5,辽宁,1,二手房,2014
甘井子区玉丽街39号楼3号公建,大连,大连乾元房地产开发有限公司,甘井子,20190318,38.98706755029984,121.55605471197089,和合美家,11,13579,大连广兴物业管理有限公司,0.8,辽宁,1,二手房,2010
大连市开发区抚顺街30号,大连,无开发商,开发区,20190318,38.92272284555705,121.5977239817503,爱我家园,29,8998,街道办事处（居委会）代管物业,0.5,辽宁,1,二手房,1998
大连市开发区湾里东5-6号,大连,大连明和房地产开发有限公司,开发区,20190318,39.07275772231556,121.85888789351343,青国青城,38,10924,大连豪斯沃克物业有限公司,1.5,辽宁,1,二手房,2014
开发区松苑街23号,大连,无开发商,开发区,20190318,22.52087710763645,113.40156104777168,松林里小区,6,13553,街道办事处（居委会）代管物业,0.5,辽宁,1,二手房,1996
开发区高新里6栋-8,大连,大连港地产集团有限公司,开发区,20190318,39.0710895068195,121.82860134358343,尚都家园,15,8506,街道办事处（居委会）代管物业,0.5,辽宁,1,二手房,2007
中山区碧浪园4号-3号,大连,大连铁路房地产开发有限责任公司,中山,20190318,38.89147289460474,121.69329560326236,山水家园二期,3,21274,大连铁道物业管理有限责任公司,0.5,辽宁,1,二手房,2003
西岗区三元街73号3单元1层2,大连,暂无信息,西岗,20190318,38.91459734722941,121.63112153703432,34中三元街,46,27458,无物业管理服务,-,辽宁,1,二手房,1990
甘井子区柳树南街45-11号,大连,大连顺达房屋开发有限公司,甘井子,20190318,38.93107538811559,121.48785133651938,顺达温泉花园二期,20,11455,大连顺达物业服务有限公司,0.6,辽宁,1,二手房,2004
大连市开发区抚顺街30号,大连,无开发商,开发区,20190318,38.92272284555705,121.5977239817503,东方花园,1,14941,大连合昌物业服务有限公司,0.5,辽宁,1,二手房,2006
金州区凤祥路236-2,大连,大连德泰控股有限公司,金州,20190318,39.08547607514868,121.7749730382401,德泰岭秀逸城B区,81,10934,大连德泰物业管理有限公司,1.9,辽宁,1,二手房,2013
开发区杏花里13#楼-7号,大连,暂无信息,金州,20190318,31.31075067906954,120.63127837058457,凤凰山花园,21,11860,大连双赢物业管理有限公司,1,辽宁,1,二手房,2009
开发区红梅小区19栋-2-1-1号,大连,无开发商,开发区,20190318,29.906498897603264,121.5913630631805,金玛海景,4,11493,街道办事处（居委会）代管物业,1,辽宁,1,二手房,2007
沙河口区西南路40号楼,大连,大连城市建设集团有限公司,沙河口,20190318,38.94141605900714,121.58612100465703,星海大厦,11,13119,大连富民物业管理有限公司,0.9,辽宁,1,二手房,2002
中山区虎滩路62号,大连,大连万达房地产开发有限公司,中山,20190318,38.886587440841225,121.69237728440392,碧涛南园,8,16641,大连虎滩置业物业管理有限公司,0.2,辽宁,1,二手房,1998
金州新区八一路金都嘉园1号楼1号公建,大连,大连元新房地产开发有限公司,金州,20190318,39.05525210261778,121.74865634199398,华夏金城,43,9724,大连元新物业管理有限公司,1.2,辽宁,1,二手房,2008
经济技术开发区红星海-A区81-2号1层,大连,远洋地产有限公司,开发区,20190318,39.027851194371685,121.80327394132297,红星海三期领墅,16,31473,大连远洋基业物业管理有限公司,2.2,辽宁,1,二手房,2012
无门店信息,大连,暂无信息,甘井子,20190318,34.52713835999158,118.76812980670795,盐岛湖,78,10861,无物业管理服务,0.2,辽宁,1,二手房,2000
甘井子区甘井子街3号公建,大连,无开发商,甘井子,20190318,38.982086281836246,121.63426694995971,甘泉小区,13,11128,街道办事处（居委会）代管物业,0.5,辽宁,1,二手房,1990
甘井子区华北路花锦园28号23-3-1-2建筑物,大连,无开发商,甘井子,20190318,38.951627958411166,121.5739439799003,大连门广场,7,16497,街道办事处（居委会）代管物业,0.1,辽宁,1,二手房,2003
大连经济技术开发区同和里7栋-9号,大连,无开发商,开发区,20190318,39.04901984220615,121.7885236929847,山水花园小区,5,11506,大连经济技术开发区白石物业管理有限公司,0.5,辽宁,1,二手房,2000
甘井子区泉水H1区54号3单元1层1号,大连,暂无信息,甘井子,20190318,39.0074937564393,121.62382856020916,龙畔金泉五期K1区,30,12822,大连新兴物业管理有限公司,0.5,辽宁,1,二手房,2008
中山区职工街96号1-3层公建,大连,无开发商,中山,20190318,38.92565613737007,121.66193575790903,39中民功街,2,14041,无物业管理服务,-,辽宁,1,二手房,1997
中山区北斗街53号1层1号,大连,无开发商,中山,20190318,38.92727355733075,121.67002970974048,四海一家,6,15883,大连中杰物业管理有限公司,1.3,辽宁,1,二手房,2002
甘井子区玉丽街39号楼3号公建,大连,暂无信息,甘井子,20190318,38.98706755029984,121.55605471197089,泡崖康祥园,15,11384,大连新兴物业管理有限公司,0.5,辽宁,1,二手房,2005
开发区大开高吉里33栋6号,大连,大连开建集团有限公司,开发区,20190318,39.07355836059941,121.8280439450145,高安里,40,7289,广宜物业有限公司,0.2,辽宁,1,二手房,1998
开发区兴城路29-81层,大连,中合北大荒（大连）置业有限公司,开发区,20190318,39.05020829677517,121.7578103751747,银帆国际,32,12760,大连中合物业管理有限公司,2,辽宁,1,二手房,2015
甘井子区华东路33-5号,大连,无开发商,甘井子,20190318,38.97497080220593,121.59479866243332,秀水小区,16,10799,大连广宇物业有限责任公司,0.5,辽宁,1,二手房,1994
开发区红梅小区19栋-2-1-1号,大连,大连东特房地产开发有限公司,开发区,20190318,29.906498897603264,121.5913630631805,东特欣苑,2,14365,大连经济技术开发区聚盛达物业管理有限公司,0.8,辽宁,1,二手房,2002
甘井子区惠泽南园3-4号,大连,大连航宇房屋开发有限公司,甘井子,20190318,38.939326611323615,121.52337842113351,水畔精品,8,13739,大连旺宇物业有限公司,1.5,辽宁,1,二手房,2014
无门店信息,大连,大连三业房屋开发有限公司,沙河口,20190318,34.52713835999158,118.76812980670795,龙山花园,4,12986,无物业管理服务,-,辽宁,1,二手房,1999
开发区松苑街23号,大连,大连神洲众益集团有限公司,开发区,20190318,22.52087710763645,113.40156104777168,松海里小区,3,11290,无物业管理服务,0.5,辽宁,1,二手房,2000
中山区安居巷7号,大连,大连普照房地产开发有限公司,中山,20190318,38.900436431991984,121.67796628922625,普照假日广场,20,15122,第一太平戴维斯物业顾问（北京）有限公司大连分公司,3.7,辽宁,1,二手房,2000
开发区金马路169-2-6号房屋,大连,大连亿锋房地产实业有限公司,开发区,20190318,39.055616222703364,121.78435683280883,佳地花园,11,10125,街道办事处（居委会）代管物业,1.1,辽宁,1,二手房,2002
中山区虎滩路176号4-1-2,大连,无开发商,中山,20190318,38.890884710033156,121.69257379232747,碧波园,29,11153,大连虎滩置业物业管理有限公司,0.2,辽宁,1,二手房,1997
西岗区康平街2号（5号楼3-1-3号）,大连,无开发商,西岗,20190318,38.91044414697888,121.61980769264477,康平街,4,12663,无物业管理服务,-,辽宁,1,二手房,1995
大连市甘井子区柳林园8-7号,大连,大连万科房地产开发有限公司,甘井子,20190318,38.91290525308349,121.47673750074993,万科溪之谷柳林园,9,14801,大连万科物业服务有限公司,2,辽宁,1,二手房,2014
中山区共建巷61号,大连,暂无信息,中山,20190318,38.91828093658718,121.66259221532148,39中南山福润人家,5,25798,暂无信息,-,辽宁,1,二手房,2000
天河路173-2号 华润考拉22号公建,大连,无开发商,甘井子,20190318,23.147151253133927,113.3277313198351,七胜路,14,11453,街道办事处（居委会）代管物业,0.5,辽宁,1,二手房,1989
中山区中南路店212号门头房,大连,大连金广地产集团有限公司,中山,20190318,38.91149759691359,121.67700561077149,迎宾花园,1,13202,大连德一物业管理有限公司,1.2,辽宁,1,二手房,2003
中山区南山路59号1层4号,大连,无开发商,中山,20190318,38.91992239075882,121.6479206962747,昆明街（独立街）,14,21075,无物业管理服务,-,辽宁,1,二手房,1988
甘井子区祥龙街2号楼1单元1楼1号,大连,大连市大钢集团,甘井子,20190318,38.988045874482445,121.60439401971377,华南沃尔玛六一路,16,11081,街道办事处（居委会）代管物业,0.5,辽宁,1,二手房,1990
甘井子区金北街17号,大连,暂无信息,甘井子,20190318,38.95546176066109,121.5285003794903,山宝花园,20,20718,无物业管理服务,-,辽宁,1,二手房,1970
无门店信息,大连,大连中政房地产开发有限公司,中山,20190318,34.52713835999158,118.76812980670795,中政小区,19,12327,大连中政物业管理有限公司,0.3,辽宁,1,二手房,1999
沙河口区兰田街33号,大连,无开发商,沙河口,20190318,38.926138912221084,121.56486022834609,兰田街,13,11869,街道办事处（居委会）代管物业,0.4,辽宁,1,二手房,1990
甘井子区惠泽南园3-7号,大连,大连开成房地产开发有限公司,甘井子,20190318,38.939326611323615,121.52337842113351,开成领地,7,17549,大连旺宇物业有限公司,2,辽宁,1,二手房,2011
开发区杏花里13#楼-7号,大连,大连经济技术开发区城市建设开发有限公司,开发区,20190318,31.31075067906954,120.63127837058457,颐华园,16,9378,大连经济技术开发区杏林物业管理有限公司,0.3,辽宁,1,二手房,2005
西岗区平等街21号1层2号,大连,大连吉嘉置业有限公司,西岗,20190318,38.92251066253164,121.63236845125735,锦华银座,9,19440,大连吉嘉物业管理有限公司,5,辽宁,1,二手房,2003
沙河口区星海广场B3区20—3号,大连,无开发商,沙河口,20190318,38.888054001818844,121.58662952422732,星海二街,1,12639,街道办事处（居委会）代管物业,0.5,辽宁,1,二手房,-
无门店信息,大连,大连运达房地产集团有限公司,甘井子,20190318,34.52713835999158,118.76812980670795,运达诺维溪谷,2,14305,大连运达物业有限公司,2,辽宁,1,二手房,2015
中山区岭前街53-5,大连,无开发商,中山,20190318,38.89487069426055,121.65795959631497,岭前街,16,14776,街道办事处（居委会）代管物业,0.4,辽宁,1,二手房,1997
中山区安居巷7号,大连,大连北方工业房屋开发公司,西岗,20190318,38.900436431991984,121.67796628922625,温馨花园（胜利桥北商圈）,5,10737,北方物业开发有限公司,0.5,辽宁,1,二手房,2000
沙河口区红旗东路18-22号2单元1楼3号,大连,暂无信息,沙河口,20190318,38.921778341674376,121.58261780680284,宏良小区,8,11458,街道办事处（居委会）代管物业,0.4,辽宁,1,二手房,2000
西岗区长春路334号,大连,大连万达房地产开发有限公司,西岗,20190318,38.89807766522607,121.63221082858387,石松小区,14,10497,大连白云物业管理有限公司,0.5,辽宁,1,二手房,1999
开发区松苑街23号,大连,大连开建集团有限公司,开发区,20190318,22.52087710763645,113.40156104777168,皇嘉花园,3,16561,业主自筹物业,1,辽宁,1,二手房,2005
开发区鹏程家园66#-6、66#-7公建,大连,大开富华房地产开发有限公司,开发区,20190318,38.90045524508753,121.63339362744885,海滨玉都,12,9961,大连志广物业管理有限责任公司,1.3,辽宁,1,二手房,2007
甘井子区促进路30号2-1-1,大连,无开发商,甘井子,20190318,38.954133128707575,121.58355746311207,柳河小区,11,11092,大连衡德物业管理有限公司,0.2,辽宁,1,二手房,1995
中山区民建街10号1单元1号,大连,无开发商,中山,20190318,38.925444479476894,121.66915026954452,39中民建街,11,20646,无物业管理服务,-,辽宁,1,二手房,1995
甘井子区华龙南园34-5号34-库4号34-5号,大连,大连台安房屋开发有限公司,甘井子,20190318,38.98270467597865,121.6117222765123,台安274,9,12138,街道办事处（居委会）代管物业,0.5,辽宁,1,二手房,2009
西岗区长春路334号,大连,无开发商,西岗,20190318,38.89807766522607,121.63221082858387,南石巷,8,11605,无物业管理服务,0.5,辽宁,1,二手房,1992
无门店信息,大连,大连宏港房地产开发有限公司,开发区,20190318,34.52713835999158,118.76812980670795,港湾观海,51,8859,大连宏港物业管理有限公司,0.5,辽宁,1,二手房,2013
高新园敬贤街23-11号,大连,暂无信息,高新园区,20190318,38.86956637166276,121.5301657390922,中海紫御观邸四期,6,21299,大连中海物业管理有限公司,2.6,辽宁,1,二手房,2013
中山区鲁迅路184号1层B—A,大连,无开发商,中山,20190318,38.92590875965419,121.67594393403164,荣民街（二七商圈）,7,11973,无物业管理服务,-,辽宁,1,二手房,1999
中山区安居巷7号,大连,大连正茂房地产开发有限公司,中山,20190318,38.900436431991984,121.67796628922625,国泰港汇中心,29,22104,大连津戎物业管理有限公司,4.5,辽宁,1,二手房,2014
西岗区长春路334号,大连,无开发商,西岗,20190318,38.89807766522607,121.63221082858387,星火小区,10,8959,大连自然物业管理中心,0.5,辽宁,1,二手房,1999
甘井子区惠泽南园3-7号,大连,大连长鹭房屋开发有限公司,甘井子,20190318,38.939326611323615,121.52337842113351,长鹭悦湖,6,21062,大连旺宇物业有限公司,1.9,辽宁,1,二手房,2014
沙河口区五四路207-1-9号,大连,无开发商,沙河口,20190318,38.906488732904506,121.5996637934482,拥政街,7,12056,无物业管理服务,-,辽宁,1,二手房,1999
中山区鲁迅路184号1层B—A,大连,大连环海房地产开发有限公司,中山,20190318,38.92590875965419,121.67594393403164,北斗家园,0,15329,大连峰霖物业管理有限公司,0.9,辽宁,1,二手房,2000
甘井子区玉丽街39号楼3号公建,大连,大连新型房地产开发有限公司,甘井子,20190318,38.98706755029984,121.55605471197089,玉丽街,65,9605,大连新兴物业管理有限公司,0.5,辽宁,1,二手房,2002
中山区解放路471-22号,大连,暂无信息,中山,20190318,38.90018683040924,121.65457658465141,青云街,0,11180,无物业管理服务,-,辽宁,1,二手房,1995
经济技术开发区城润万家4-5号公建,大连,恒安房地产,开发区,20190318,39.05716325096989,121.75946281983826,中环嘉园,6,9304,大连大连开发区杰佳物业管理有限公司,0.5,辽宁,1,二手房,2001
甘井子区山东路137号,大连,无开发商,甘井子,20190318,38.99129404608926,121.59172125999353,天河路,15,11699,街道办事处（居委会）代管物业,0.1,辽宁,1,二手房,1998
沙河口区高尔基路559号公建,大连,大连建园房地产开发有限公司,沙河口,20190318,38.90399197515687,121.59483016331266,城市旋律,0,19998,大连天兴物业管理有限公司,3.7,辽宁,1,二手房,2013
甘井子区哲林北园17-6号,大连,大连虹升置业有限公司,甘井子,20190318,38.9600267109581,121.53876726228256,福佳机场前院,8,23196,大连福佳物业管理有限公司,2,辽宁,1,二手房,2015
沙河口区黑石礁街3号1层1-1号,大连,暂无信息,沙河口,20190318,38.880058010307856,121.56313403908827,熙园,3,21610,达波尔酒店物业管理（大连）有限公司,2.2,辽宁,1,二手房,2009
沙河口区长江路946号-9,大连,无开发商,沙河口,20190318,38.92295863621255,121.59735298157467,机车商厦,4,12727,街道办事处（居委会）代管物业,0.3,辽宁,1,二手房,2000
沙河口区星海广场B3区20—3号,大连,营口大光房地产开发有限公司,沙河口,20190318,38.888054001818844,121.58662952422732,星海花园,7,12033,大连金海岸物业管理中心,1.5,辽宁,1,二手房,1998
金州区同济路44号,大连,无开发商,金州,20190318,39.10476859984152,121.71234684495865,永乐铭庭,24,8408,无物业管理服务,-,辽宁,1,二手房,2010
金州区小平岛B组团4号楼3号商铺,大连,大连安达房地产开发有限公司,高新园区,20190318,39.2986190718601,121.95658248043723,小平岛E西组团,6,24437,大连凯尔富物业管理有限公司,1.3,辽宁,1,二手房,2007
无门店信息,大连,大连东亚房地产开发有限公司,中山,20190318,34.52713835999158,118.76812980670795,山屏花园,5,20576,大连大伟物业管理有限公司,0.5,辽宁,1,二手房,1996
中山区武昌街武昌公寓6号公建,大连,大连大重房屋开发有限公司,中山,20190318,38.912280913445784,121.64921130527547,武昌北巷,5,13577,无物业管理服务,-,辽宁,1,二手房,2000
西岗区八一路102号,大连,无开发商,西岗,20190318,38.891094924332045,121.65327483516513,河沿巷,15,12084,无物业管理服务,-,辽宁,1,二手房,1996
中山区中南路226号,大连,大连大业房屋开发有限公司,中山,20190318,38.90029610333926,121.68178899957817,阳光花园一期,5,12375,大连全得利物业管理有限公司,0.5,辽宁,1,二手房,1997
中山区杏林街66—5号,大连,暂无信息,中山,20190318,38.9244189768098,121.6630029448549,39中南山路,7,27249,无物业管理服务,-,辽宁,1,二手房,1980
开发区红梅小区19栋-2-1-1号,大连,大连开发区世元房地产开发有限公司,开发区,20190318,29.906498897603264,121.5913630631805,世元国际公寓,34,10975,大连世元物业管理有限公司,2,辽宁,1,二手房,2009
大连市金州区友谊街道南金华城25号1-2层1号,大连,大连友谊合升房地产开发有限公司,金州,20190318,39.128677228885614,121.71356109978767,恒达花园,50,8022,街道办事处（居委会）代管物业,0.5,辽宁,1,二手房,2004
中山区山屏街116号1-1,大连,大连中信海港投资有限公司,中山,20190318,38.90729438486833,121.68598159980013,山峦街,8,11919,无物业管理服务,-,辽宁,1,二手房,1990
西岗区长春路334号,大连,无开发商,西岗,20190318,38.89807766522607,121.63221082858387,石峰街,16,11283,大连大众物业管理有限公司,0.3,辽宁,1,二手房,1995
中山区碧浪园4号-3号,大连,大连铁路房地产开发有限责任公司,中山,20190318,38.89147289460474,121.69329560326236,山水家园一期,3,18787,大连虎滩置业物业管理有限公司,0.2,辽宁,1,二手房,1999
甘井子区山东路137号,大连,大连市大钢集团,甘井子,20190318,38.99129404608926,121.59172125999353,华南沃尔玛六和路,5,12228,街道办事处（居委会）代管物业,0.5,辽宁,1,二手房,1990
甘井子金地艺境博艺西园2-1号,大连,大连丰达房地产开发有限公司,甘井子,20190318,39.04402110608829,121.665484498555,益丰乾城,27,12643,大连逸佳物业管理有限公司,1.6,辽宁,1,二手房,2015
金州区凤祥路236-2,大连,大连经济技术开发区银海开发置业有限公司,金州,20190318,39.08547607514868,121.7749730382401,达赫山庄,18,12572,街道办事处（居委会）代管物业,0.5,辽宁,1,二手房,2009
甘井子区华龙南园34-5号34-库4号34-5号,大连,中信集团大连中信房地产开发公司,甘井子,20190318,38.98270467597865,121.6117222765123,惠丰小区,22,9383,大连中信物业管理有限公司,0.2,辽宁,1,二手房,1989
金州区站前街道盛滨花园B区13号楼2号公建,大连,大连阿尔滨集团房地产开发有限公司,金州,20190318,39.09609011892329,121.7335816409767,盛滨花园C区,18,7721,大连阿尔滨集团物业管理有限公司,0.4,辽宁,1,二手房,1999
中山区北斗街53号1层1号,大连,无开发商,中山,20190318,38.92727355733075,121.67002970974048,北斗街（二七商圈）,1,14078,无物业管理服务,-,辽宁,1,二手房,1999
莲花山路89-3号,大连,无开发商,沙河口,20190318,38.90273559371702,121.6046814926709,莲花山路,10,11016,无物业管理服务,-,辽宁,1,二手房,1998
西岗区长春路334号,大连,无开发商,西岗,20190318,38.89807766522607,121.63221082858387,纪念街(石道街商圈),8,11545,无物业管理服务,-,辽宁,1,二手房,1990
沙河口区五四路207-1-9号,大连,暂无信息,沙河口,20190318,38.906488732904506,121.5996637934482,海印长城,0,23498,暂无信息,-,辽宁,1,二手房,2010
中山区同心街72号1楼公建,大连,无开发商,中山,20190318,38.91979245940674,121.64769198230202,自卫街（昆明街）,3,15500,无物业管理服务,-,辽宁,1,二手房,1991
中山区安居巷7号,大连,大连鸿霖房地产开发有限公司,中山,20190318,38.900436431991984,121.67796628922625,喜临门大厦,7,9368,大连凯立宏物业管理有限公司,3.2,辽宁,1,二手房,2007
沙河口区联合路133号,大连,无开发商,沙河口,20190318,38.91608561262676,121.60480987310456,21中同泰街,3,18636,无物业管理服务,-,辽宁,1,二手房,1984
西岗区黄河路362号公建,大连,无开发商,西岗,20190318,38.91819905243802,121.61365779430986,建业街,5,11828,无物业管理服务,-,辽宁,1,二手房,1995
大连经济技术开发区同和里7栋-9号,大连,无开发商,开发区,20190318,39.04901984220615,121.7885236929847,新月里,21,9510,街道办事处（居委会）代管物业,0.5,辽宁,1,二手房,2000
沙河口区富国街14号1-1-2,大连,无开发商,沙河口,20190318,38.901027106600836,121.59047734850638,西安路（和平广场商圈）,3,12600,无物业管理服务,-,辽宁,1,二手房,1996
西岗区八一路102号,大连,无开发商,西岗,20190318,38.891094924332045,121.65327483516513,双全街,0,11145,无物业管理服务,-,辽宁,1,二手房,1995
沙河口区锦石路8号,大连,大连锦绣房地产开发有限公司,沙河口,20190318,38.94771288948481,121.56110903658733,锦绣小高层,6,12994,大连锦绣物业管理有限公司,0.6,辽宁,1,二手房,2000
中山区鲁迅路204号百盛新药特药商店一楼西侧部分,大连,大连华普置业有限公司,中山,20190318,38.92576188797548,121.6771337100355,佳兆业中心,17,22366,佳兆业物业管理（深圳）有限公司大连分公司,4.5,辽宁,1,二手房,2015
中山区华乐街71号公建,大连,大连振屹房屋开发有限公司,中山,20190318,38.923187679200566,121.6843197903016,春华山小区,18,10719,无物业管理服务,-,辽宁,1,二手房,1997
中山区高尚路28-1号,大连,无开发商,中山,20190318,38.892673425111305,121.67148833870213,高尚路,24,10001,无物业管理服务,-,辽宁,1,二手房,1993
无门店信息,大连,大连万科房地产开发有限公司,旅顺口,20190318,34.52713835999158,118.76812980670795,万科樱花园三期,21,12748,大连万科物业服务有限公司,2.4,辽宁,1,二手房,2014
金州区拥政街道733号-8号1-2层,大连,大连盛铭资产管理有限公司,金州,20190318,39.11690610445662,121.73030803603723,安盛花园（金州）,13,9775,大连经济技术开发区海青物业有限公司,1,辽宁,1,二手房,2000
中山区金城街26号一楼,大连,暂无信息,中山,20190318,38.922282529515634,121.65214466263014,九中华昌街,2,48816,暂无信息,-,辽宁,1,二手房,-
无门店信息,大连,大连康阳房屋开发有限公司,甘井子,20190318,34.52713835999158,118.76812980670795,南岭新城三期,23,13863,大连鸿诚物业管理有限公司,0.4,辽宁,1,二手房,2009
中山区安居巷7号,大连,广州海都房地产开发有限公司,中山,20190318,38.900436431991984,121.67796628922625,海景花园,10,9449,大连戴德梁行物业管理有限公司,0.8,辽宁,1,二手房,1995
无门店信息,大连,大连鹏玥房地产开发有限公司,开发区,20190318,34.52713835999158,118.76812980670795,中环城市广场,15,9279,大连鹏玥物业公司,1.5,辽宁,1,二手房,2015
中山区益民街16号1层1号,大连,无开发商,中山,20190318,38.93092761298906,121.66470740073377,永胜街（三八广场）,14,14682,无物业管理服务,-,辽宁,1,二手房,1993
西岗区新田巷27号1-2,大连,无开发商,西岗,20190318,38.893215932589385,121.64103065169111,新丽街,14,9470,无物业管理服务,-,辽宁,1,二手房,1992
甘井子区海口路77-4号公建,大连,暂无信息,甘井子,20190318,38.960286398428124,121.60305183172997,鹏辉新世纪五期,13,19078,大连鹏辉物业管理有限公司,0.6,辽宁,1,二手房,2009
沙河口区联合路133号,大连,大连建兴房屋开发有限公司,沙河口,20190318,38.91608561262676,121.60480987310456,21中黄河路,5,19725,街道办事处（居委会）代管物业,0.5,辽宁,1,二手房,1989
西岗区长春路334号,大连,无开发商,西岗,20190318,38.89807766522607,121.63221082858387,石葵路（石道街商圈）,10,12057,街道办事处（居委会）代管物业,0.5,辽宁,1,二手房,1995
中山区武昌街武昌公寓6号公建,大连,无开发商,中山,20190318,38.912280913445784,121.64921130527547,观象街（南山商圈）,9,21872,无物业管理服务,-,辽宁,1,二手房,1990
无门店信息,大连,大连奥泰房地产开发有限公司,金州,20190318,34.52713835999158,118.76812980670795,亿达蓝筹海,20,7731,大连奥泰物业服务有限公司,1.6,辽宁,1,二手房,2009
中山区益民街16号1层1号,大连,无开发商,中山,20190318,38.93092761298906,121.66470740073377,丹东街（三八广场）,10,14456,无物业管理服务,-,辽宁,1,二手房,1998
中山区北斗街53号1层1号,大连,无开发商,中山,20190318,38.92727355733075,121.67002970974048,裕民街,5,13349,无物业管理服务,-,辽宁,1,二手房,1993
无门店信息,大连,大连晨阳房地产开发有限公司,金州,20190318,34.52713835999158,118.76812980670795,金科理想城,14,9524,金科物业服务集团有限公司,1.6,辽宁,1,二手房,2014
甘井子区红凌路109号,大连,无开发商,甘井子,20190318,38.923388478439314,121.54860212120927,红凌小区,7,9390,无物业管理服务,-,辽宁,1,二手房,1997
沙河口区中山路417A-4号,大连,无开发商,沙河口,20190318,38.90734671814175,121.59482182703752,太原街,3,12655,无物业管理服务,-,辽宁,1,二手房,1992
无门店信息,大连,大连金州金德房地产开发有限公司,金州,20190318,34.52713835999158,118.76812980670795,新辉小区,50,6913,大连市金州金德物业管理有限公司,0.5,辽宁,1,二手房,2005
中山区高尚路28-1号,大连,无开发商,中山,20190318,38.892673425111305,121.67148833870213,宪卫里,16,10078,无物业管理服务,0.5,辽宁,1,二手房,1994
岭前街53-5,大连,无开发商,西岗,20190318,38.89487069426055,121.65795959631497,卧龙双厦,8,12944,街道办事处（居委会）代管物业,0.4,辽宁,1,二手房,1997
中山区益民街16号1层1号,大连,无开发商,中山,20190318,38.93092761298906,121.66470740073377,兴盛里（三八广场）,12,12909,无物业管理服务,-,辽宁,1,二手房,1993
金州区光明街道育才街42-6号1-2层,大连,大连庆久房地产开发有限公司,金州,20190318,39.109080894078986,121.7182584929096,怡心居,2,11255,大连怡心物业管理有限公司,0.9,辽宁,1,二手房,1999
中山区武昌街武昌公寓6号公建,大连,无开发商,中山,20190318,38.912280913445784,121.64921130527547,向阳街,9,10906,无物业管理服务,-,辽宁,1,二手房,1980
无门店信息,大连,大连蓝湾房地产有限公司,旅顺口,20190318,34.52713835999158,118.76812980670795,亿达蓝山,12,11099,亿达物业管理有限公司,2.3,辽宁,1,二手房,2014
无门店信息,大连,大连鹏辉房地产开发有限公司,甘井子,20190318,34.52713835999158,118.76812980670795,鹏辉新天居二期,15,14327,大连鹏辉物业管理有限公司,0.8,辽宁,1,二手房,2008
金州区南棉路310号,大连,大连金连房地产开发有限公司,金州,20190318,39.09939229372624,121.72414976100345,金连福地,36,7756,街道办事处（居委会）代管物业,0.5,辽宁,1,二手房,2010
中山区山屏街116号1-1,大连,无开发商,中山,20190318,38.90729438486833,121.68598159980013,山屏东街,15,10864,无物业管理服务,-,辽宁,1,二手房,1990
莲花山路89-3号,大连,暂无信息,沙河口,20190318,38.90273559371702,121.6046814926709,丰盈星海,7,12416,暂无信息,-,辽宁,1,二手房,-
沙河口区长江路738号,大连,大连泰达新城建设发展有限公司,沙河口,20190318,38.92379936592553,121.61207696256155,五一广场长江路北,18,12658,无物业管理服务,-,辽宁,1,二手房,1994
中山区杏林街66—5号,大连,无开发商,中山,20190318,38.9244189768098,121.6630029448549,39中安民街（三八广场）,8,28877,街道办事处（居委会）代管物业,6,辽宁,1,二手房,1995
甘井子区山东路商业街D区12号公建,大连,大连市大钢集团,甘井子,20190318,39.001060021502965,121.58883960371418,梅山路,12,12335,街道办事处（居委会）代管物业,0.5,辽宁,1,二手房,1982
开发区杏树里10栋-14,大连,大连开建集团有限公司,开发区,20190318,39.08113818354046,121.78505742127606,杏林山庄二期,13,9564,华隆物业管理有限责任公司,0.8,辽宁,1,二手房,2005
沙河口区恒利园42号-8,大连,无开发商,沙河口,20190318,38.93357562498634,121.57914091532649,新建小区,8,11626,无物业管理服务,-,辽宁,1,二手房,1980
开发区黄海西路201号107公建,大连,中信开发商,开发区,20190318,39.04942604506828,121.80126318235419,金海里,50,7086,大连中信物业管理有限公司,0.1,辽宁,1,二手房,2000
中山区职工街96号1-3层公建,大连,无开发商,中山,20190318,38.92565613737007,121.66193575790903,39中三八广场,2,17972,无物业管理服务,-,辽宁,1,二手房,1992
西岗区黄河路82号,大连,无开发商,西岗,20190318,38.92243503020161,121.6287927913896,双兴街（大菜市商圈）,13,10952,街道办事处（居委会）代管物业,0.5,辽宁,1,二手房,1990
甘井子区华东路33-5号,大连,暂无信息,甘井子,20190318,38.97497080220593,121.59479866243332,金源小区,9,14443,无物业管理服务,-,辽宁,1,二手房,2000
"西岗区泰公街20号2层7号 西岗区久寿街22号1层14号""",大连,无开发商,西岗,20190318,38.92600196862723,121.62141976476381,银华双厦,8,10859,无物业管理服务,-,辽宁,1,二手房,1999
沙河口区西南路358号1—2号,大连,大连三寰房地产开发有限公司,沙河口,20190318,38.90839654326566,121.56908246905662,市场公寓,10,14221,大连上达物业管理有限公司,0.4,辽宁,1,二手房,1999
大连经济技术开发区同和里7栋-9号,大连,大连众益神州地产开发有限公司,开发区,20190318,39.04901984220615,121.7885236929847,众益家园,1,10785,大连经济技术开发区白石物业管理有限公司,0.5,辽宁,1,二手房,2005
金州区站前街道盛滨花园B区13号楼2号公建,大连,大连连铁房地产开发有限公司,金州,20190318,39.09609011892329,121.7335816409767,金舍嘉苑,21,7898,街道办事处（居委会）代管物业,0.5,辽宁,1,二手房,2008
甘井子区金家街17-7号,大连,暂无信息,甘井子,20190318,38.97493697764367,121.60110987128529,金一街,19,20007,无物业管理服务,-,辽宁,1,二手房,1970
西岗区中山路158号唐山街市场外14号,大连,暂无信息,西岗,20190318,38.91835355789945,121.63274981188985,34中松花街,19,26850,无物业管理服务,-,辽宁,1,二手房,1980
沙河口区富国街14号1-1-2,大连,无开发商,沙河口,20190318,38.901027106600836,121.59047734850638,星月街,8,11124,街道办事处（居委会）代管物业,0.5,辽宁,1,二手房,-
中山区武昌街武昌公寓6号公建,大连,无开发商,中山,20190318,38.912280913445784,121.64921130527547,绿山巷,2,15036,无物业管理服务,-,辽宁,1,二手房,1995
西岗区长春路334号,大连,无开发商,西岗,20190318,38.89807766522607,121.63221082858387,迎春二巷,4,11115,无物业管理服务,-,辽宁,1,二手房,1995
高新园区红凌路732-4号,大连,大连软件园开发有限公司,高新园区,20190318,38.90158813547366,121.53265954348016,东方圣克拉公寓,15,18984,亿达物业管理有限公司,2.6,辽宁,1,二手房,2015
西岗区长红街4号1号公建,大连,暂无信息,西岗,20190318,38.91377414665191,121.6302525225721,34中永芳巷,12,25687,无物业管理服务,-,辽宁,1,二手房,1995
中山区中青街87号一单元107,大连,无开发商,中山,20190318,38.90213494248529,121.65806522267005,葵英街（青云街商圈）,3,9491,无物业管理服务,-,辽宁,1,二手房,1992
中山区南山路59号1层4号,大连,无开发商,中山,20190318,38.91992239075882,121.6479206962747,自立街（昆明街）,2,14740,无物业管理服务,-,辽宁,1,二手房,1989
大连市金州新区中长街道碧海尚城5-4号1-2层,大连,无开发商,金州,20190318,39.1001690968934,121.73061017121415,体育场小区,62,7034,街道办事处（居委会）代管物业,-,辽宁,1,二手房,1995
西岗区三元街73号3单元1层2,大连,暂无信息,西岗,20190318,38.91459734722941,121.63112153703432,34中自学巷,10,25306,无物业管理服务,-,辽宁,1,二手房,1993
金州新区先进街道渤海街7-4号1-2层、7-3号1-2层,大连,无开发商,金州,20190318,39.09342713035472,121.74590886291374,金色阳光,16,8542,大连金广物业有限公司,0.5,辽宁,1,二手房,2005
中山区同心街72号1楼公建,大连,无开发商,中山,20190318,38.91979245940674,121.64769198230202,万家巷（昆明街）,10,16406,无物业管理服务,-,辽宁,1,二手房,1991
西岗区长春路334号,大连,无开发商,西岗,20190318,38.89807766522607,121.63221082858387,西麓街,6,10878,无物业管理服务,-,辽宁,1,二手房,1990
中山区安居巷7号,大连,无开发商,中山,20190318,38.900436431991984,121.67796628922625,宏爱巷,8,11770,无物业管理服务,-,辽宁,1,二手房,1998
中山区益民街16号1层1号,大连,无开发商,中山,20190318,38.93092761298906,121.66470740073377,益民街（三八广场）,9,15066,无物业管理服务,-,辽宁,1,二手房,1992
甘井子区祥龙街2号楼1单元1楼1号,大连,无开发商,甘井子,20190318,38.988045874482445,121.60439401971377,金荣路,4,10785,无物业管理服务,-,辽宁,1,二手房,1990
金州区同济路44号,大连,大连市碧鸿房地产开发有限责任公司,金州,20190318,39.10476859984152,121.71234684495865,碧鸿海悦园,34,6895,吉田物业管理有限公司,0.5,辽宁,1,二手房,2007
无门店信息,大连,大连恒昇房地产开发有限公司,甘井子,20190318,34.52713835999158,118.76812980670795,福佳新城,27,10838,大连富嘉物业管理有限公司,1.6,辽宁,1,二手房,2012
西岗区新田巷11号三单元103,大连,无开发商,西岗,20190318,38.89276612016956,121.64190731791966,长春路（新起屯商圈）,8,11500,无物业管理服务,-,辽宁,1,二手房,1988
沙河口区红旗东路18-22号2单元1楼3号,大连,无开发商,甘井子,20190318,38.921778341674376,121.58261780680284,兰兴巷,3,12291,大连辽南物业管理有限公司,0.2,辽宁,1,二手房,1992
中山区南山路59号1层4号,大连,无开发商,中山,20190318,38.91992239075882,121.6479206962747,昆明街（正阳街）,3,16659,无物业管理服务,-,辽宁,1,二手房,1990
沙河口区敦煌路357号10-11轴公建,大连,大连银泰房地产有限公司,沙河口,20190318,38.93891619583455,121.59150694046835,敦煌大厦,9,9344,大连银泰物业管理有限公司,0.5,辽宁,1,二手房,1999
无门店信息,大连,大连鼎丰利华置业有限公司,金州,20190318,34.52713835999158,118.76812980670795,保亿丽景山,28,10363,保亿物业尊荣管家,1.8,辽宁,1,二手房,2015
金州区南棉路310号,大连,大连阿尔滨集团房地产开发有限公司,金州,20190318,39.09939229372624,121.72414976100345,荣盛小区,8,8355,街道办事处（居委会）代管物业,1,辽宁,1,二手房,2009
西岗区长春路334号,大连,无开发商,西岗,20190318,38.89807766522607,121.63221082858387,东北路（石道街商圈）,4,10758,无物业管理服务,-,辽宁,1,二手房,1995
开发区高新里6栋-8,大连,无开发商,开发区,20190318,39.0710895068195,121.82860134358343,幸福人家,1,9335,街道办事处（居委会）代管物业,-,辽宁,1,二手房,2000
金州区小平岛B组团4号楼3号商铺,大连,大连圣岛房地产开发有限公司,高新园区,20190318,39.2986190718601,121.95658248043723,小平岛,2,16246,大连凯尔富物业管理有限公司,1.3,辽宁,1,二手房,2007
沙河口区五四路207-1-9号,大连,无开发商,沙河口,20190318,38.906488732904506,121.5996637934482,成仁街,7,12874,无物业管理服务,-,辽宁,1,二手房,1995
西岗区八一路196号1-3,大连,无开发商,西岗,20190318,38.89127420834314,121.6483201412943,荣信巷,5,13319,无物业管理服务,-,辽宁,1,二手房,1989
大连市金州区友谊街道南金华城25号1-2层1号,大连,大连金华房地产开发有限公司,金州,20190318,39.128677228885614,121.71356109978767,金华小区三期,15,9094,大连金华兴物业有限公司,1.2,辽宁,1,二手房,2009
西岗区绕山路31号公建一层东侧,大连,无开发商,西岗,20190318,38.90257514466717,121.61412736644739,康庄街,3,9587,无物业管理服务,-,辽宁,1,二手房,1991
中山区同心街72号1楼公建,大连,暂无信息,中山,20190318,38.91979245940674,121.64769198230202,恒元公寓,3,14406,暂无信息,0.8,辽宁,1,二手房,1999
沙河口区黄河路883号,大连,无开发商,沙河口,20190318,38.919826721475204,121.57749657966676,黄河路（辽师商圈）,2,11226,大连辽南物业管理有限公司,0.5,辽宁,1,二手房,1970
甘井子区祥溢园4号1单元1层9号公建,大连,暂无信息,甘井子,20190318,38.92981664067587,121.54940314023253,千叶美居,1,11270,街道办事处（居委会）代管物业,0.5,辽宁,1,二手房,2004
中山区武昌街武昌公寓6号公建,大连,无开发商,中山,20190318,38.912280913445784,121.64921130527547,宪立巷,14,9917,无物业管理服务,-,辽宁,1,二手房,1988
中山区中南路店212号门头房,大连,无开发商,中山,20190318,38.91149759691359,121.67700561077149,中纬巷,4,11802,无物业管理服务,-,辽宁,1,二手房,1995
中山区鲁迅路184号1层B—A,大连,无开发商,中山,20190318,38.92590875965419,121.67594393403164,民寿里,11,13843,无物业管理服务,-,辽宁,1,二手房,1995
中山区南山路59号1层4号,大连,无开发商,中山,20190318,38.91992239075882,121.6479206962747,祝胜街（昆明街）,6,15810,无物业管理服务,-,辽宁,1,二手房,1988
金州区金润花园B区47号1单元1层1号2号,大连,大连金都地产开发有限公司,金州,20190318,39.104347761505736,121.7451779647203,观山悦,16,10325,街道办事处（居委会）代管物业,1.4,辽宁,1,二手房,2014
中山区鲁迅路184号1层B—A,大连,无开发商,中山,20190318,38.92590875965419,121.67594393403164,新柳街,7,12925,无物业管理服务,-,辽宁,1,二手房,2000
金州区同济路44号,大连,大连金世纪房地产经纪有限公司,金州,20190318,39.10476859984152,121.71234684495865,教师公寓,13,8902,大连恒天物业管理公司,-,辽宁,1,二手房,2010
高新园区海苑街36号1单元2号公建,大连,大连宜兴房地产开发有限公司,高新园区,20190318,20.06392317589085,110.32302599457326,彼得公寓,4,16634,宜兴物业管理有限公司,1,辽宁,1,二手房,2008
中山区金城街26号一楼,大连,无开发商,中山,20190318,38.922282529515634,121.65214466263014,友好路,8,15076,无物业管理服务,-,辽宁,1,二手房,1990
中山区益民街16号1层1号,大连,无开发商,中山,20190318,38.93092761298906,121.66470740073377,兴和街（三八广场）,4,13011,无物业管理服务,-,辽宁,1,二手房,1993
西岗区长春路334号,大连,无开发商,西岗,20190318,38.89807766522607,121.63221082858387,新石道街,6,11861,大连白云物业管理有限公司,0.5,辽宁,1,二手房,1999
中山区解放路604号,大连,无开发商,中山,20190318,38.89026319122045,121.66407876092346,山海巷,13,9785,街道办事处（居委会）代管物业,0.5,辽宁,1,二手房,1994
无门店信息,大连,大连泰达新城建设发展有限公司,甘井子,20190318,34.52713835999158,118.76812980670795,泰达青筑,16,10966,大连三和住邦物业管理有限公司,2.2,辽宁,1,二手房,2015
甘井子区山东路127-2号,大连,无开发商,甘井子,20190318,38.99065559549029,121.59126483545545,天水街,15,10724,街道办事处（居委会）代管物业,0.1,辽宁,1,二手房,1993
中山区职工街96号1-3层公建,大连,大连北良有限公司,中山,20190318,38.92565613737007,121.66193575790903,北良公寓,6,14050,大连北良物业管理有限公司,0.2,辽宁,1,二手房,1998
大连市开发区抚顺街30号,大连,大连圣泰企业有限公司,开发区,20190318,38.92272284555705,121.5977239817503,太阳大厦,4,10709,大连圣泰物业管理有限公司,1,辽宁,1,二手房,2003
中山区武昌街武昌公寓6号公建,大连,暂无信息,中山,20190318,38.912280913445784,121.64921130527547,南山西花厅,7,12198,暂无信息,1,辽宁,1,二手房,-
金州区站前街道盛滨花园B区13号楼2号公建,大连,大连阿尔滨集团房地产开发有限公司,金州,20190318,39.09609011892329,121.7335816409767,盛滨花园A区,43,5938,大连阿尔滨集团物业管理有限公司,0.4,辽宁,1,二手房,2001
西岗区新田巷27号1-2,大连,无开发商,西岗,20190318,38.893215932589385,121.64103065169111,新日街,6,10597,无物业管理服务,-,辽宁,1,二手房,1996
中山区职工街96号1-3层公建,大连,无开发商,中山,20190318,38.92565613737007,121.66193575790903,明泽街（三八广场）,1,13610,无物业管理服务,-,辽宁,1,二手房,1993
沙河口区华北路404号,大连,无开发商,沙河口,20190318,38.8862815932937,121.59082948696123,园丁巷,5,10579,街道办事处（居委会）代管物业,0.3,辽宁,1,二手房,1990
甘井子区华东路22号公建,大连,无开发商,甘井子,20190318,38.97736184953593,121.5935814234334,秀山路,24,11736,街道办事处（居委会）代管物业,0.5,辽宁,1,二手房,1986
中山区爱华街13号,大连,无开发商,中山,20190318,38.92541607518685,121.6535728031028,万民街（三八广场）,4,12442,无物业管理服务,-,辽宁,1,二手房,1993
金州区光明街道育才街42-6号1-2层,大连,无开发商,金州,20190318,39.109080894078986,121.7182584929096,味食小区,25,7758,大连大众物业管理有限公司,0.5,辽宁,1,二手房,1988
无门店信息,大连,无开发商,金州,20190318,34.52713835999158,118.76812980670795,金山名苑,18,9581,大连金山物业管理有限公司,0.5,辽宁,1,二手房,2009
甘井子区汇仁街19号12号楼1单元102室,大连,大连华南地产开发有限公司,甘井子,20190318,38.99746297497168,121.58917714380617,华南国际公寓,3,11063,大连顺达物业服务有限公司,1.7,辽宁,1,二手房,2005
中山区民运巷 47号1层2号,大连,无开发商,西岗,20190318,38.905955122300846,121.64798148011702,天富山庄,8,9774,大连天富物业管理有限公司,0.2,辽宁,1,二手房,1995
开发区正恒园1-16,大连,暂无信息,开发区,20190318,39.04823944344617,121.76165468797754,正泰园B区,29,12435,无物业管理服务,-,辽宁,1,二手房,2000
开发区黄海西路201号107公建,大连,无开发商,开发区,20190318,39.04942604506828,121.80126318235419,新辰里,28,7643,街道办事处（居委会）代管物业,0.5,辽宁,1,二手房,1998
西岗区康平街2号（5号楼3-1-3号）,大连,无开发商,西岗,20190318,38.91044414697888,121.61980769264477,纪念东巷,2,11222,无物业管理服务,-,辽宁,1,二手房,1997
甘井子区海口路77—5号,大连,暂无信息,甘井子,20190318,38.960286398428124,121.60305183172997,理想居,0,18043,大连伟恒物业服务有限公司,1.2,辽宁,1,二手房,2011
中山区南山路59号1层4号,大连,暂无信息,中山,20190318,38.91992239075882,121.6479206962747,平阳街（昆明街）,1,14086,无物业管理服务,-,辽宁,1,二手房,1988
中山区金城街26号一楼,大连,无开发商,中山,20190318,38.922282529515634,121.65214466263014,玉光街,4,16557,无物业管理服务,-,辽宁,1,二手房,1982
开发区东北三街94号1层,大连,大连同济房地产开发有限公司,开发区,20190318,39.05723508011585,121.80570768630555,新东方公寓一期,44,5395,大连同济物业管理有限公司,1.5,辽宁,1,二手房,2005
金州区站前街道盛滨花园B区13号楼2号公建,大连,大连阿尔滨集团房地产开发有限公司,金州,20190318,39.09609011892329,121.7335816409767,盛滨花园D区,13,6688,大连阿尔滨集团物业管理有限公司,0.4,辽宁,1,二手房,2004
无门店信息,大连,大连新诚房屋开发有限公司,金州,20190318,34.52713835999158,118.76812980670795,滨城南岸小区,18,8748,大连新城物业管理有限公司,0.4,辽宁,1,二手房,2007
沙河口区五四路207-1-9号,大连,无开发商,沙河口,20190318,38.906488732904506,121.5996637934482,集贤北街,2,13424,无物业管理服务,0.5,辽宁,1,二手房,1995
无门店信息,大连,大连运达房地产集团有限公司,甘井子,20190318,34.52713835999158,118.76812980670795,运达诺维溪谷四期,6,17118,大连运达物业有限公司,2,辽宁,1,二手房,2015
无门店信息,大连,暂无信息,高新园区,20190318,34.52713835999158,118.76812980670795,小平岛圣汐湾,1,22528,大连凯尔物业管理有限责任公司,1.3,辽宁,1,二手房,2000
西岗区绕山路31号公建一层东侧,大连,无开发商,西岗,20190318,38.90257514466717,121.61412736644739,东经巷,5,10951,无物业管理服务,-,辽宁,1,二手房,1990
无门店信息,大连,无开发商,西岗,20190318,34.52713835999158,118.76812980670795,绿港湾商务公寓（大菜市商圈）,14,8907,街道办事处（居委会）代管物业,0.5,辽宁,1,二手房,2009
金州区金湾路132-2号,大连,无开发商,金州,20190318,39.10269111644727,121.72221060686516,胜利西小区,88,7412,街道办事处（居委会）代管物业,0.5,辽宁,1,二手房,1992
甘井子区哲林北园17-6号,大连,暂无信息,甘井子,20190318,38.9600267109581,121.53876726228256,第五郡三号地公寓,26,14938,亿达物业管理有限公司,2.2,辽宁,1,二手房,2012
大连经济技术开发区同和里7栋-9号,大连,大连鑫地房地产开发有限公司,开发区,20190318,39.04901984220615,121.7885236929847,亿锋8号半山墅,5,23404,大连豪景酒店物业管理有限公司,5,辽宁,1,二手房,2010
中山区鲁迅路204号百盛新药特药商店一楼西侧部分,大连,无开发商,中山,20190318,38.92576188797548,121.6771337100355,春港街,5,12520,无物业管理服务,-,辽宁,1,二手房,1999
中山区民建街10号1单元1号,大连,无开发商,中山,20190318,38.925444479476894,121.66915026954452,建华巷（三八广场）,11,13600,无物业管理服务,-,辽宁,1,二手房,1994
沙河口区西南路851号3单元1层3号,大连,无开发商,沙河口,20190318,38.94344210837944,121.58246796944378,春柳街,8,12099,街道办事处（居委会）代管物业,0.1,辽宁,1,二手房,1985
沙河口区黑石礁街3号1层1-1号,大连,无开发商,沙河口,20190318,38.880058010307856,121.56313403908827,西村街,0,9539,无物业管理服务,-,辽宁,1,二手房,1990
沙河口区成仁街91号,大连,无开发商,沙河口,20190318,38.91539947107844,121.59585638842556,迎春街（沙河口区）,6,11992,无物业管理服务,-,辽宁,1,二手房,1993
中山区益民街16号1层1号,大连,无开发商,中山,20190318,38.93092761298906,121.66470740073377,龙泉街（三八广场）,5,12185,无物业管理服务,-,辽宁,1,二手房,1994
金州区先进街道渤海街1-4号1-2层,大连,大连市金州区房屋开发公司,金州,20190318,39.09512910553563,121.74578812616167,鑫海阳光,7,8669,金州区物业管理有限公司,0.5,辽宁,1,二手房,2010
开发区黄海西路201号107公建,大连,大连圣豪房地产开发有限公司,开发区,20190318,39.04942604506828,121.80126318235419,云顶国际公馆,16,5726,大连经济技术开发区圣豪物业管理有限公司,1.9,辽宁,1,二手房,2006
金州区南棉路310号,大连,无开发商,金州,20190318,39.09939229372624,121.72414976100345,南棉小区,143,7057,街道办事处（居委会）代管物业,0.5,辽宁,1,二手房,1990
甘井子区华东路33-5号,大连,暂无信息,甘井子,20190318,38.97497080220593,121.59479866243332,巾帼小区,20,11134,大连新华物业管理有限公司,-,辽宁,1,二手房,1993
甘井子区泉水B5区27-9,大连,大连康阳房屋开发有限公司,甘井子,20190318,39.014833760509994,121.60955220395961,南岭新城一期,17,12324,大连鸿诚物业管理有限公司,0.4,辽宁,1,二手房,2005
大连市金州新区友谊街道和平路59-10号1-2层公建,大连,无开发商,金州,20190318,39.112168401852266,121.72006917947859,古城乙区,131,7301,无物业管理服务,-,辽宁,1,二手房,1992
开发区东北三街94号1层,大连,无开发商,开发区,20190318,39.05723508011585,121.80570768630555,倚山花园,11,8775,街道办事处（居委会）代管物业,1.1,辽宁,1,二手房,2010
中山区安居巷7号,大连,大连振富房屋开发有限公司,西岗,20190318,38.900436431991984,121.67796628922625,振富大厦（胜利桥北商圈）,29,7762,大连佳宝物业管理有限公司,2.5,辽宁,1,二手房,2004
中山区北斗街53号1层1号,大连,无开发商,中山,20190318,38.92727355733075,121.67002970974048,民德街,5,12643,无物业管理服务,-,辽宁,1,二手房,2000
西岗区八一路102号,大连,无开发商,西岗,20190318,38.891094924332045,121.65327483516513,杏红巷,7,9906,无物业管理服务,-,辽宁,1,二手房,1994
沙河口区鞍山路65号美都园7号1单元1层4号公建,大连,暂无信息,沙河口,20190318,38.92727525772336,121.60296423346817,鞍山路,3,9794,无物业管理服务,-,辽宁,1,二手房,1997
中山区岭前街53-5,大连,无开发商,西岗,20190318,38.89487069426055,121.65795959631497,环山巷（八一路商圈）,12,9805,无物业管理服务,-,辽宁,1,二手房,1990
无门店信息,大连,大连新兴海韵房地产开发有限公司,金州,20190318,34.52713835999158,118.76812980670795,通用阳光丽景,68,7084,街道办事处（居委会）代管物业,1.4,辽宁,1,二手房,2013
中山区金城街26号一楼,大连,无开发商,中山,20190318,38.922282529515634,121.65214466263014,武汉街（中山友好商圈）,2,13145,无物业管理服务,-,辽宁,1,二手房,1991
大连市甘井子区逸林南园1-1号,大连,暂无信息,甘井子,20190318,38.95546176066109,121.5285003794903,三鼎春天B区,40,29053,瑞联德（大连）物业管理有限公司,3.2,辽宁,1,二手房,2015
中山区安居巷7号,大连,无开发商,中山,20190318,38.900436431991984,121.67796628922625,修竹街,8,11615,无物业管理服务,-,辽宁,1,二手房,1993
沙河口区联合路133号,大连,无开发商,沙河口,20190318,38.91608561262676,121.60480987310456,建民巷,5,14980,无物业管理服务,-,辽宁,1,二手房,1990
甘井子区红旗中路143号1层4号,大连,亿海房地产开发有限公司,甘井子,20190318,38.93169566676921,121.5426632438217,红旗西路,4,12484,大连万泰物业管理有限公司,0.2,辽宁,1,二手房,1997
开发区东北三街94号1层,大连,暂无信息,开发区,20190318,39.05723508011585,121.80570768630555,辽河石油勘探局家属楼,2,7660,无物业管理服务,0.1,辽宁,1,二手房,2008
西岗区八一路196号1-3,大连,无开发商,西岗,20190318,38.89127420834314,121.6483201412943,三环街（八一路商圈）,2,11079,无物业管理服务,-,辽宁,1,二手房,1990
西岗区绕山路31号公建一层东侧,大连,无开发商,西岗,20190318,38.90257514466717,121.61412736644739,槐花大厦,8,9749,无物业管理服务,-,辽宁,1,二手房,1997
莲花山路89-3号,大连,无开发商,沙河口,20190318,38.90273559371702,121.6046814926709,美春巷,1,11319,无物业管理服务,-,辽宁,1,二手房,1995
沙河口区富国街14号1-1-2,大连,无开发商,沙河口,20190318,38.901027106600836,121.59047734850638,星光街,2,12433,街道办事处（居委会）代管物业,0.5,辽宁,1,二手房,-
中山区解放路471-22号,大连,无开发商,中山,20190318,38.90018683040924,121.65457658465141,保卫巷,0,13207,无物业管理服务,-,辽宁,1,二手房,1998
中山区武昌街武昌公寓6号公建,大连,无开发商,中山,20190318,38.912280913445784,121.64921130527547,解放路（武昌街商圈）,7,12160,无物业管理服务,-,辽宁,1,二手房,1980
金州区同济路44号,大连,大连市金州区光明房地产开发有限公司,金州,20190318,39.10476859984152,121.71234684495865,绿苑小区,37,7333,街道办事处（居委会）代管物业,0.5,辽宁,1,二手房,2000
中山区武昌街武昌公寓6号公建,大连,无开发商,中山,20190318,38.912280913445784,121.64921130527547,合力巷,4,11351,无物业管理服务,-,辽宁,1,二手房,1980
大连市金州区友谊街道南金华城25号1-2层1号,大连,无开发商,金州,20190318,39.128677228885614,121.71356109978767,宁海小区,29,7218,街道办事处（居委会）代管物业,0.5,辽宁,1,二手房,1997
中山区安居巷7号,大连,大连振富房屋开发有限公司,西岗,20190318,38.900436431991984,121.67796628922625,振富公寓（胜利桥北商圈）,31,9098,大连中海振富物业管理有限公司,1.1,辽宁,1,二手房,2002
中山区金城街26号一楼,大连,暂无信息,中山,20190318,38.922282529515634,121.65214466263014,39中哈尔滨街,3,25654,无物业管理服务,-,辽宁,1,二手房,1995
无门店信息,大连,暂无信息,西岗,20190318,34.52713835999158,118.76812980670795,民航大连疗养院,2,15798,无物业管理服务,-,辽宁,1,二手房,1990
金州新区八一路金都嘉园1号楼1号公建,大连,无开发商,金州,20190318,39.05525210261778,121.74865634199398,古城丙区,55,7144,街道办事处（居委会）代管物业,0.5,辽宁,1,二手房,1997
中山区民建街10号1单元1号,大连,暂无信息,中山,20190318,38.925444479476894,121.66915026954452,港湾街（二七商圈）,4,18952,无物业管理服务,-,辽宁,1,二手房,2000
西岗区新田巷27号1-2,大连,无开发商,西岗,20190318,38.893215932589385,121.64103065169111,新林巷,21,9476,无物业管理服务,-,辽宁,1,二手房,1990
沙河口区华北路404号,大连,暂无信息,沙河口,20190318,38.8862815932937,121.59082948696123,柳华街,20,10842,无物业管理服务,0.1,辽宁,1,二手房,1985
开发区湾里南12栋-16-17-18号,大连,开发区城建局,开发区,20190318,39.070782084451,121.8506739675913,宜宁里,47,5847,大连宏港物业管理有限公司,0.2,辽宁,1,二手房,1992
中山区高尚路28-1号,大连,无开发商,中山,20190318,38.892673425111305,121.67148833870213,高福街,5,10342,无物业管理服务,-,辽宁,1,二手房,1994
开发区黄海西路201号107公建,大连,无开发商,开发区,20190318,39.04942604506828,121.80126318235419,岗林里,50,6500,大连经济技术开发区海青物业有限公司,0.5,辽宁,1,二手房,1995
金州区南棉路310号,大连,无开发商,金州,20190318,39.09939229372624,121.72414976100345,金色华庭,26,7247,大连阿尔滨集团物业管理有限公司,-,辽宁,1,二手房,2008
甘井子区华东路22号公建,大连,无开发商,甘井子,20190318,38.97736184953593,121.5935814234334,经二街,5,11713,街道办事处（居委会）代管物业,0.5,辽宁,1,二手房,1993
金州新区八一路金都嘉园1号楼1号公建,大连,大连友谊合升房地产开发有限公司,金州,20190318,39.05525210261778,121.74865634199398,宏意小区,40,6907,大连天河物业管理有限公司,1.6,辽宁,1,二手房,2009
西岗区长春路334号,大连,无开发商,西岗,20190318,38.89807766522607,121.63221082858387,连桥巷,2,18030,无物业管理服务,-,辽宁,1,二手房,1990
甘井子区虹港路16号楼1层公建,大连,暂无信息,甘井子,20190318,38.96457808198196,121.55421052098279,星空公寓,14,11357,大连天兴物业管理有限公司,1.8,辽宁,1,二手房,2012
中山区安居巷7号,大连,无开发商,西岗,20190318,38.900436431991984,121.67796628922625,新生街,8,10172,无物业管理服务,-,辽宁,1,二手房,1990
中山区武昌街武昌公寓6号公建,大连,无开发商,中山,20190318,38.912280913445784,121.64921130527547,麒麟东巷,6,10886,无物业管理服务,-,辽宁,1,二手房,1990
金州区光明街道育才街42-6号1-2层,大连,无开发商,金州,20190318,39.109080894078986,121.7182584929096,职高西小区,14,8301,街道办事处（居委会）代管物业,0.5,辽宁,1,二手房,1998
金州区光明街道育才街42-6号1-2层,大连,无开发商,金州,20190318,39.109080894078986,121.7182584929096,光明小区(金州),8,9045,无物业管理服务,0.5,辽宁,1,二手房,1995
西岗区新田巷27号1-2,大连,无开发商,西岗,20190318,38.893215932589385,121.64103065169111,新环巷,4,10225,无物业管理服务,-,辽宁,1,二手房,1990
沙河口区成仁街91号,大连,暂无信息,沙河口,20190318,38.91539947107844,121.59585638842556,建和巷,4,16979,无物业管理服务,-,辽宁,1,二手房,-
中山区金城街26号一楼,大连,大连友好大厦有限公司,中山,20190318,38.922282529515634,121.65214466263014,友好大厦,14,11671,大连友好大厦有限公司,5,辽宁,1,二手房,1999
金州区拥政街道733号-8号1-2层,大连,无开发商,金州,20190318,39.11690610445662,121.73030803603723,古城甲区,100,7658,街道办事处（居委会）代管物业,0.5,辽宁,1,二手房,1990
无门店信息,大连,暂无信息,金州,20190318,34.52713835999158,118.76812980670795,金海人家,22,6641,无物业管理服务,-,辽宁,1,二手房,-
中山区安居巷7号,大连,无开发商,中山,20190318,38.900436431991984,121.67796628922625,上海路（中山友好）,7,11192,无物业管理服务,-,辽宁,1,二手房,1995
西岗区绕山路31号公建一层东侧,大连,无开发商,西岗,20190318,38.90257514466717,121.61412736644739,绕云巷,6,10704,无物业管理服务,-,辽宁,1,二手房,1991
中山区共建巷61号,大连,暂无信息,中山,20190318,38.91828093658718,121.66259221532148,山林街（三八商圈）,3,25486,无物业管理服务,-,辽宁,1,二手房,1990
西岗区香炉礁24号1-1,大连,无开发商,西岗,20190318,38.91336952993919,121.6258229781024,香松街,4,12063,无物业管理服务,-,辽宁,1,二手房,1993
西岗区八一路196号1-3,大连,暂无信息,西岗,20190318,38.89127420834314,121.6483201412943,晴明街,3,13353,暂无信息,-,辽宁,1,二手房,-
中山区爱华街13号,大连,大连银河房地产开发有限公司,中山,20190318,38.92541607518685,121.6535728031028,银河公寓,6,9738,街道办事处（居委会）代管物业,-,辽宁,1,二手房,1996
西岗区八一路102号,大连,无开发商,西岗,20190318,38.891094924332045,121.65327483516513,智勇巷,5,10842,无物业管理服务,-,辽宁,1,二手房,1989
金州新区站前街道生辉第一城5号楼1-2层4号,大连,大连博洋房地产开发有限公司,金州,20190318,39.05839688242313,121.74629383174005,金洋小区,24,6418,街道办事处（居委会）代管物业,0.1,辽宁,1,二手房,2000
无门店信息,大连,无开发商,甘井子,20190318,34.52713835999158,118.76812980670795,绿园2期,16,11436,街道办事处（居委会）代管物业,0.5,辽宁,1,二手房,2000
金州新区八一路金都嘉园1号楼1号公建,大连,无开发商,金州,20190318,39.05525210261778,121.74865634199398,永安小区,30,7014,无物业管理服务,0.5,辽宁,1,二手房,1999
开发区大开高吉里33栋6号,大连,大连开建房地产开发有限公司,开发区,20190318,39.07355836059941,121.8280439450145,山海一步小区,5,7419,无物业管理服务,0.3,辽宁,1,二手房,2000
开发区东北三街94号1层,大连,鑫鸿房地产开发公司,开发区,20190318,39.05723508011585,121.80570768630555,雍景国际,39,6406,街道办事处（居委会）代管物业,1.2,辽宁,1,二手房,2002
中山区武昌街武昌公寓6号公建,大连,暂无信息,中山,20190318,38.912280913445784,121.64921130527547,葵东街,4,12503,暂无信息,-,辽宁,1,二手房,1990
中山区爱华街13号,大连,无开发商,中山,20190318,38.92541607518685,121.6535728031028,七一街,2,10964,无物业管理服务,-,辽宁,1,二手房,1993
西岗区中山路158号唐山街市场外14号,大连,暂无信息,西岗,20190318,38.91835355789945,121.63274981188985,34中高峰街,8,25351,无物业管理服务,-,辽宁,1,二手房,1980
西岗区八一路196号1-3,大连,暂无信息,西岗,20190318,38.89127420834314,121.6483201412943,靠山中巷,3,10568,社区物业,-,辽宁,1,二手房,1990
大连市甘井子区逸林南园1-1号,大连,暂无信息,甘井子,20190318,38.95546176066109,121.5285003794903,张前路辛寨子基地,4,9749,暂无信息,-,辽宁,1,二手房,1995
西岗区八一路102号,大连,无开发商,西岗,20190318,38.891094924332045,121.65327483516513,智勇西巷,3,8930,无物业管理服务,-,辽宁,1,二手房,1993
开发区安盛里5栋-4,大连,无开发商,开发区,20190318,23.112106678834838,113.27801046214822,醒港春园,1,7345,街道办事处（居委会）代管物业,0.5,辽宁,1,二手房,1998
中山区安居巷7号,大连,无开发商,中山,20190318,38.900436431991984,121.67796628922625,德光巷,2,10065,无物业管理服务,-,辽宁,1,二手房,1990
中山区华乐街71号公建,大连,无开发商,中山,20190318,38.923187679200566,121.6843197903016,港院街,3,9695,无物业管理服务,-,辽宁,1,二手房,1992
甘井子区玉丽街2号楼1单元4号公建,大连,无开发商,甘井子,20190318,38.98705071699301,121.55513043130172,玉山二街,5,10268,街道办事处（居委会）代管物业,0.5,辽宁,1,二手房,1990
金州区南棉路310号,大连,无开发商,金州,20190318,39.09939229372624,121.72414976100345,南山路（金州）,37,6882,街道办事处（居委会）代管物业,0.5,辽宁,1,二手房,1992
西岗区九三街64号,大连,暂无信息,西岗,20190318,38.92094787642578,121.62081970746283,珠江国际大厦,1,6554,街道办事处（居委会）代管物业,20,辽宁,1,二手房,2004
金州新区先进街道五一路350-1号1-2层,大连,无开发商,金州,20190318,39.095023587156554,121.74333264248519,八里河小区,23,6286,街道办事处（居委会）代管物业,0.5,辽宁,1,二手房,2009
开发区东北三街94号1层,大连,无开发商,开发区,20190318,39.05723508011585,121.80570768630555,华冠大厦,25,7196,街道办事处（居委会）代管物业,1,辽宁,1,二手房,2006
金州区站前街道盛滨花园B区13号楼2号公建,大连,无开发商,金州,20190318,39.09609011892329,121.7335816409767,联胜小区,24,7091,街道办事处（居委会）代管物业,0.5,辽宁,1,二手房,1995
沙河口区联合路133号,大连,暂无信息,西岗,20190318,38.91608561262676,121.60480987310456,拥政北街,2,15753,无物业管理服务,-,辽宁,1,二手房,1992
金州新区先进街道渤海街7-4号1-2层、7-3号1-2层,大连,无开发商,金州,20190318,39.09342713035472,121.74590886291374,金莲怡园,4,7349,街道办事处（居委会）代管物业,-,辽宁,1,二手房,2000
甘井子区华东路22号公建,大连,无开发商,甘井子,20190318,38.97736184953593,121.5935814234334,经三街,4,13327,无物业管理服务,-,辽宁,1,二手房,1993
无门店信息,大连,无开发商,金州,20190318,34.52713835999158,118.76812980670795,金渤海憬,20,7068,无物业管理服务,-,辽宁,1,二手房,2009
西岗区黄河路82号,大连,无开发商,西岗,20190318,38.92243503020161,121.6287927913896,昌乐街（大菜市商圈）,6,11679,无物业管理服务,-,辽宁,1,二手房,1995
无门店信息,大连,大连中连房地产开发有限公司,金州,20190318,34.52713835999158,118.76812980670795,上河雲珠,2,8872,大连中鸣物业服务有限公司,0.5,辽宁,1,二手房,2009
金州新区八一路金都嘉园1号楼1号公建,大连,无开发商,金州,20190318,39.05525210261778,121.74865634199398,老街坊小区,12,8851,街道办事处（居委会）代管物业,0.5,辽宁,1,二手房,1997
沙河口区西南路851号3单元1层3号,大连,暂无信息,沙河口,20190318,38.94344210837944,121.58246796944378,凌山四街,1,11887,暂无信息,-,辽宁,1,二手房,-
中山区安居巷7号,大连,无开发商,中山,20190318,38.900436431991984,121.67796628922625,建华街,2,13070,无物业管理服务,1,辽宁,1,二手房,1995
无门店信息,大连,无开发商,金州,20190318,34.52713835999158,118.76812980670795,龙湾路小区,12,5599,街道办事处（居委会）代管物业,0.1,辽宁,1,二手房,2009
金州区站前街道盛滨花园B区13号楼2号公建,大连,大连阿尔滨集团房地产开发有限公司,金州,20190318,39.09609011892329,121.7335816409767,银领国际公寓,12,6647,大连阿尔滨集团物业管理有限公司,0.6,辽宁,1,二手房,2006
开发区安盛里5栋-4,大连,大连光伸房地产开发有限公司,开发区,20190318,23.112106678834838,113.27801046214822,光伸外企公寓,12,6667,无物业管理服务,0.5,辽宁,1,二手房,2001
中山区职工街96号1-3层公建,大连,大连盛益房地产开发有限公司,中山,20190318,38.92565613737007,121.66193575790903,盛世大厦,20,13286,大连盛新物业管理有限公司,3.9,辽宁,1,二手房,2002
金州新区八一路金都嘉园1号楼1号公建,大连,大连市金州区房屋开发公司,金州,20190318,39.05525210261778,121.74865634199398,平安小区,21,7836,无物业管理服务,0.2,辽宁,1,二手房,1994
沙河口区恒利园42号-8,大连,无开发商,沙河口,20190318,38.93357562498634,121.57914091532649,大庆街,5,11763,无物业管理服务,-,辽宁,1,二手房,1982
中山区职工街96号1-3层公建,大连,暂无信息,中山,20190318,38.92565613737007,121.66193575790903,39中五五路,0,14459,无物业管理服务,-,辽宁,1,二手房,1995
大连市沙河口区黄河路729号,大连,暂无信息,沙河口,20190318,38.91710565765228,121.58954758972729,五一路 （太原街商圈）,3,14895,无物业管理服务,-,辽宁,1,二手房,-
中山区金城街26号一楼,大连,暂无信息,中山,20190318,38.922282529515634,121.65214466263014,昆明街（一德街）,1,13955,暂无信息,-,辽宁,1,二手房,1992
金州区拥政街道733号-8号1-2层,大连,大连市金州区房屋开发公司,金州,20190318,39.11690610445662,121.73030803603723,春和小区,29,7034,街道办事处（居委会）代管物业,0.1,辽宁,1,二手房,1995
大连市沙河口区西南路875号1层21号,大连,暂无信息,沙河口,20190318,38.94485969061231,121.58418648447764,春柳中心,2,13349,街道办事处（居委会）代管物业,0.1,辽宁,1,二手房,1985
甘井子区华东路22号公建,大连,无开发商,甘井子,20190318,38.97736184953593,121.5935814234334,达人公馆,7,10803,街道办事处（居委会）代管物业,0.5,辽宁,1,二手房,2005
中山区安居巷7号,大连,无开发商,西岗,20190318,38.900436431991984,121.67796628922625,北海街（胜利桥北商圈）,5,11774,街道办事处（居委会）代管物业,0.5,辽宁,1,二手房,1985
中山区解放路471-22号,大连,无开发商,中山,20190318,38.90018683040924,121.65457658465141,望海巷,0,9363,街道办事处（居委会）代管物业,-,辽宁,1,二手房,1985
中山区职工街96号1-3层公建,大连,暂无信息,中山,20190318,38.92565613737007,121.66193575790903,云程巷（三八广场）,1,13528,街道办事处（居委会）代管物业,-,辽宁,1,二手房,1994
西岗区八一路196号1-3,大连,无开发商,西岗,20190318,38.89127420834314,121.6483201412943,靠山北巷（青云街商圈）,0,10152,无物业管理服务,-,辽宁,1,二手房,1993
金州区站前街道盛滨花园B区13号楼2号公建,大连,无开发商,金州,20190318,39.09609011892329,121.7335816409767,联胜花园,13,7981,大连连胜物业管理有限公司,0.5,辽宁,1,二手房,1999
中山区中南路226号,大连,大连恒祥房屋开发有限公司,中山,20190318,38.90029610333926,121.68178899957817,亿泰公寓,0,8714,大连远洋基业物业管理有限公司,1,辽宁,1,二手房,2005
沙河口区锦江园30号1层公建,大连,暂无信息,沙河口,20190318,38.921778341674376,121.58261780680284,锦江园绿莲街,6,11297,绿城物业服务集团有限公司大连分公司,-,辽宁,1,二手房,-
西岗区平等街21号1层2号,大连,暂无信息,西岗,20190318,38.92251066253164,121.63236845125735,岐山街（大菜市商圈）,2,11182,无物业管理服务,-,辽宁,1,二手房,-
大连市金州新区中长街道碧海尚城5-4号1-2层,大连,暂无信息,金州,20190318,39.1001690968934,121.73061017121415,朝阳小区,33,6873,无物业管理服务,0.5,辽宁,1,二手房,1990
西岗区绕山路31号公建一层东侧,大连,暂无信息,西岗,20190318,38.90257514466717,121.61412736644739,风云巷,4,9853,无物业管理服务,-,辽宁,1,二手房,2000
西岗区新田巷27号1-2,大连,无开发商,西岗,20190318,38.893215932589385,121.64103065169111,新联巷,3,11853,无物业管理服务,-,辽宁,1,二手房,1996
大连市金州新区友谊街道和平路59-10号1-2层公建,大连,大连金华房地产开发有限公司,金州,20190318,39.112168401852266,121.72006917947859,金爵世家,10,8095,大连金华兴物业有限公司,0.9,辽宁,1,二手房,2000
中山区解放路471-22号,大连,无开发商,中山,20190318,38.90018683040924,121.65457658465141,广兴巷,4,13605,街道办事处（居委会）代管物业,-,辽宁,1,二手房,1990
沙河口区锦江园30号1层公建,大连,暂无信息,沙河口,20190318,38.921778341674376,121.58261780680284,锦江园西北路,14,9628,绿城物业服务集团有限公司大连分公司,-,辽宁,1,二手房,-
金州区站前街道盛滨花园B区13号楼2号公建,大连,无开发商,金州,20190318,39.09609011892329,121.7335816409767,友好街32号,15,6916,街道办事处（居委会）代管物业,0.5,辽宁,1,二手房,1999
中山区安居巷7号,大连,暂无信息,西岗,20190318,38.900436431991984,121.67796628922625,群联巷（胜利桥北商圈）,0,10067,暂无信息,-,辽宁,1,二手房,1975
开发区金马路169-2-6号房屋,大连,暂无信息,开发区,20190318,39.055616222703364,121.78435683280883,华堂大厦,8,10211,街道办事处（居委会）代管物业,1.5,辽宁,1,二手房,2006
无门店信息,大连,暂无信息,金州,20190318,34.52713835999158,118.76812980670795,东方百合海韵生活馆,10,8963,无物业管理服务,-,辽宁,1,二手房,2000
中山区岭前街53-5,大连,暂无信息,西岗,20190318,38.89487069426055,121.65795959631497,民主街（青云街商圈）,0,8211,无物业管理服务,-,辽宁,1,二手房,1991
西岗区平等街21号1层2号,大连,暂无信息,西岗,20190318,38.92251066253164,121.63236845125735,建振巷（大菜市商圈）,0,11241,无物业管理服务,-,辽宁,1,二手房,-
无门店信息,大连,无开发商,金州,20190318,34.52713835999158,118.76812980670795,伟桥嘉园,5,7689,无物业管理服务,0.5,辽宁,1,二手房,-
沙河口区昌黎街77号楼第1层公建,大连,大连机车商业城有限公司,沙河口,20190318,38.91974518366595,121.5902918379551,福佳新天地地下商铺,0,25164,暂无信息,5,辽宁,1,二手房,2000
中山区安居巷7号,大连,暂无信息,中山,20190318,38.900436431991984,121.67796628922625,开明巷,1,11917,暂无信息,-,辽宁,1,二手房,-
无门店信息,大连,暂无信息,金州,20190318,34.52713835999158,118.76812980670795,东才苑,28,6818,街道办事处（居委会）代管物业,-,辽宁,1,二手房,1999
沙河口区富国街14号1-1-2,大连,暂无信息,沙河口,20190318,38.901027106600836,121.59047734850638,中山路,0,12125,无物业管理服务,-,辽宁,1,二手房,2000
中山区爱华街13号,大连,无开发商,中山,20190318,38.92541607518685,121.6535728031028,红星街,0,16904,无物业管理服务,-,辽宁,1,二手房,1985
中山区安居巷7号,大连,无开发商,西岗,20190318,38.900436431991984,121.67796628922625,兆麟街（胜利桥北商圈）,3,11613,无物业管理服务,-,辽宁,1,二手房,1996
中山区爱华街13号,大连,无开发商,中山,20190318,38.92541607518685,121.6535728031028,绥德街,1,11651,无物业管理服务,-,辽宁,1,二手房,1990
金州区南棉路310号,大连,暂无信息,金州,20190318,39.09939229372624,121.72414976100345,连胜小区,6,6162,无物业管理服务,0.5,辽宁,1,二手房,1995
中山区安居巷7号,大连,无开发商,中山,20190318,38.900436431991984,121.67796628922625,宏孚大厦,0,5687,街道办事处（居委会）代管物业,2,辽宁,1,二手房,2008
中山区解放路471-22号,大连,无开发商,西岗,20190318,38.90018683040924,121.65457658465141,奋斗巷,1,11726,街道办事处（居委会）代管物业,-,辽宁,1,二手房,1992
中山区解放路471-22号,大连,无开发商,西岗,20190318,38.90018683040924,121.65457658465141,捷庆里,0,8533,街道办事处（居委会）代管物业,-,辽宁,1,二手房,1992
金州区拥政街道733号-8号1-2层,大连,无开发商,金州,20190318,39.11690610445662,121.73030803603723,建兴苑,24,6805,街道办事处（居委会）代管物业,0.5,辽宁,1,二手房,1999
沙河口区锦江园30号1层公建,大连,大连恒诚房地产开发有限公司,沙河口,20190318,38.921778341674376,121.58261780680284,恒大帝景,25,20984,金碧物业有限公司大连分公司,2.5,辽宁,0,二手房,2016
大连市甘井子区七贤路8-3号,大连,大连世诚房地产开发有限公司,高新园区,20190318,38.86659077085588,121.5392980566355,恒大御景湾,30,24788,金碧物业有限公司大连分公司,2.9,辽宁,0,二手房,2015
中山区鲁迅路184号1层B—A,大连,大连新苑房地产开发有限公司,中山,20190318,38.92590875965419,121.67594393403164,御景花园,4,26952,大连德一物业管理有限公司,1.2,辽宁,0,二手房,2003
中山区共建巷61号,大连,无开发商,中山,20190318,38.91828093658718,121.66259221532148,39中七七街,6,22877,街道办事处（居委会）代管物业,0.5,辽宁,0,二手房,1995
中山区共建巷61号,大连,大连东帝房地产开发有限公司,中山,20190318,38.91828093658718,121.66259221532148,南山2009,3,30386,无物业管理服务,-,辽宁,0,二手房,2010
甘井子区华东路22号公建,大连,大连凯祥房地产开发有限公司,甘井子,20190318,38.97736184953593,121.5935814234334,环馨山庄,15,12248,大连凯祥物业管理有限公司,0.5,辽宁,0,二手房,2000
甘井子区虹港路16号楼1层公建,大连,沈阳军区后勤部,甘井子,20190318,38.96457808198196,121.55421052098279,金寓花园四期,5,18432,大连大管家物业管理有限公司,1,辽宁,0,二手房,2009
西岗区三元街73号3单元1层2,大连,大连朋大房地产开发有限公司,西岗,20190318,38.91459734722941,121.63112153703432,金煌公寓,2,22111,香港屋宇物业管理有限公司,0.9,辽宁,0,二手房,-
甘井子区虹港路16号楼1层公建,大连,沈阳军区后勤部,甘井子,20190318,38.96457808198196,121.55421052098279,金寓花园二期,5,18643,大连瑞祥物业管理有限公司,1,辽宁,0,二手房,2008
无门店信息,大连,大连百年港湾商业开发有限公司,西岗,20190318,34.52713835999158,118.76812980670795,百年港湾,56,18297,大连百年城物业管理有限公司,3.5,辽宁,0,二手房,2014
沙河口区华北路404号,大连,大连元泰房屋开发有限公司,沙河口,20190318,38.8862815932937,121.59082948696123,福居家园,4,16188,渤海吉祥物业管理有限公司,0.5,辽宁,0,二手房,2003
沙河口区成仁街91号,大连,大连千甲盛世房地产开发有限公司,沙河口,20190318,38.91539947107844,121.59585638842556,华都文郡,2,39646,凯磷物业,3,辽宁,0,二手房,2014
甘井子区玉丽街39号楼3号公建,大连,大连润置房地产有限公司,甘井子,20190318,38.98706755029984,121.55605471197089,华润二十四城,7,18215,华润物业（大连）有限公司,3.1,辽宁,0,二手房,2018
中山区武昌街武昌公寓6号公建,大连,无开发商,中山,20190318,38.912280913445784,121.64921130527547,同福新居,3,17338,无物业管理服务,-,辽宁,0,二手房,2003
中山区金城街26号一楼,大连,无开发商,中山,20190318,38.922282529515634,121.65214466263014,39中南山豪庭,7,28702,大连开利物业管理有限公司,2.2,辽宁,0,二手房,2003
高新园区硅谷假日小区25号楼地下室,大连,浦项（大连）软件园开发有限公司,高新园区,20190318,38.865995717263544,121.53771220335938,浦项道,24,23871,浦项(大连)物业管理有限公司,3.4,辽宁,0,二手房,2015
无门店信息,大连,中国供销集团•中合（大连）置业有限公司,高新园区,20190318,34.52713835999158,118.76812980670795,南海壹号,13,17639,大连中合物业管理有限公司,2.8,辽宁,0,二手房,2014
沙河口区长江路738号,大连,大连中腾房屋开发有限公司,西岗,20190318,38.92379936592553,121.61207696256155,长恒花园,6,18976,大连佳保物业管理有限公司,0.8,辽宁,0,二手房,2002
沙河口区西南路358号1—2号,大连,大连中城房地产开发有限公司,沙河口,20190318,38.90839654326566,121.56908246905662,中城公园里,12,21424,渤海吉祥物业管理有限公司,1.8,辽宁,0,二手房,2008
中山区共建巷61号,大连,暂无信息,中山,20190318,38.91828093658718,121.66259221532148,39中大安街,5,25180,无物业管理服务,-,辽宁,0,二手房,1996
沙河口区联合路133号,大连,大连三星大厦发展有限公司,西岗,20190318,38.91608561262676,121.60480987310456,三星公寓,7,11124,大连铁道物业管理有限责任公司,0.3,辽宁,0,二手房,1997
中山区中南路226号,大连,大连鼎上房地产开发有限公司,中山,20190318,38.90029610333926,121.68178899957817,滨海阳光,26,30838,大连万恒物业管理有限公司,1,辽宁,0,二手房,2005
中山区爱华街13号,大连,暂无信息,中山,20190318,38.92541607518685,121.6535728031028,九中杏林街,4,40984,无物业管理服务,6,辽宁,0,二手房,2000
中山区共建巷61号,大连,大连开元房屋开发有限公司,中山,20190318,38.91828093658718,121.66259221532148,益溢苑,9,22194,大连开元物业管理有限公司,0.8,辽宁,0,二手房,2003
西岗区康平街2号（5号楼3-1-3号）,大连,无开发商,西岗,20190318,38.91044414697888,121.61980769264477,恒利御园,1,13508,无物业管理服务,0.5,辽宁,0,二手房,2008
沙河口区西南路40号楼,大连,大连昊东房地产开发有限公司,沙河口,20190318,38.94141605900714,121.58612100465703,星海国府,1,20915,大连戴德梁行物业管理有限公司,2.5,辽宁,0,二手房,2015
莲花山路89-3号,大连,大连富田房屋开发有限公司,沙河口,20190318,38.90273559371702,121.6046814926709,星海甲天下,3,15808,大连亿星物业管理有限公司,1,辽宁,0,二手房,2003
沙河口区长江路738号,大连,大连国合置业有限公司,西岗,20190318,38.92379936592553,121.61207696256155,国合锦里,11,30831,大连国合物业管理有限公司,3.5,辽宁,0,二手房,-
甘井子区祥龙街2号楼1单元1楼1号,大连,大连华丰房地产开发有限公司,甘井子,20190318,38.988045874482445,121.60439401971377,华丰金山花园,5,17308,华丰物业,1.8,辽宁,0,二手房,2016
甘井子区辛寨子街道中冶蓝城辛虹园39-7号公建,大连,大连万城之光置业有限公司,甘井子,20190318,38.98155611421408,121.49259383356096,万科翡翠公园,7,19067,大连万科物业服务有限公司,2.9,辽宁,0,二手房,2018
无门店信息,大连,无开发商,西岗,20190318,34.52713835999158,118.76812980670795,亚细亚度假村,3,18489,大连日东物业管理有限公司,1,辽宁,0,二手房,2003
经济技术开发区红星海-A区81-2号1层,大连,远洋地产有限公司,开发区,20190318,39.027851194371685,121.80327394132297,红星海二期果岭墅,25,18307,大连远洋基业物业管理有限公司,3.5,辽宁,0,二手房,2012
沙河口区长江路738号,大连,大连春达房屋开发有限公司,西岗,20190318,38.92379936592553,121.61207696256155,春江花园,2,16547,无物业管理服务,-,辽宁,0,二手房,2002
沙河口区西南路161号,大连,大连胜通房屋开发公司,沙河口,20190318,38.89269676588945,121.56639953951542,通海花园,4,18098,大连胜通方舟物业管理有限公司,0.6,辽宁,0,二手房,2002
沙河口区南沙街36号台二2号1-1-37,大连,大连锦绣房地产开发有限公司,沙河口,20190318,38.90741410359388,121.57685699961822,锦绣台山小筑,4,17759,大连大众物业管理有限公司,0.6,辽宁,0,二手房,2002
中山区金城街26号一楼,大连,大连泰恒置业有限公司,中山,20190318,38.922282529515634,121.65214466263014,梧桐院,2,38871,大连恒信物业服务有限公司,3.6,辽宁,0,二手房,2011
中山区秀月街37号1层2号,大连,大连澳南房屋开发有限公司,中山,20190318,38.88757907576307,121.66311065527876,澳南苑,4,19947,大连澳南物业管理有限公司,0.6,辽宁,0,二手房,2002
中山区武昌街武昌公寓6号公建,大连,无开发商,中山,20190318,38.912280913445784,121.64921130527547,绿山俪城,3,15685,无物业管理服务,-,辽宁,0,二手房,1995
西岗区新田巷27号1-2,大连,无开发商,西岗,20190318,38.893215932589385,121.64103065169111,新起花园,3,14189,大连万德物业管理有限公司,0.5,辽宁,0,二手房,2000
无门店信息,大连,大连招源房地产有限公司,甘井子,20190318,34.52713835999158,118.76812980670795,招商海德公园,12,17343,招商局物业管理有限公司大连分公司,2.6,辽宁,0,二手房,2018
开发区正恒园1-16,大连,大连世纪桥置业有限公司,开发区,20190318,39.04823944344617,121.76165468797754,远洋金马杰座,18,13693,大连卓信和悦物业管理有限公司,2.4,辽宁,0,二手房,2017
中山区山屏街116号1-1,大连,大连日信房屋开发有限公司,中山,20190318,38.90729438486833,121.68598159980013,隆富山庄,4,15099,大连日信物业管理有限公司,0.6,辽宁,0,二手房,2001
中山区民运巷 47号1层2号,大连,大连海昌房屋开发有限公司,中山,20190318,38.905955122300846,121.64798148011702,枫桥园,6,33801,大连海昌物业管理有限公司,0.5,辽宁,0,二手房,2003
中山区同心街72号1楼公建,大连,无开发商,中山,20190318,38.91979245940674,121.64769198230202,易捷空间,4,17815,大连北瑞物业管理有限公司,1.6,辽宁,0,二手房,2005
莲花山路89-3号,大连,无开发商,沙河口,20190318,38.90273559371702,121.6046814926709,高尔基路,5,11963,无物业管理服务,-,辽宁,0,二手房,1995
高新园区聚贤路36号5幢1单元1层1号,大连,大连海创房地产开发有限公司,高新园区,20190318,32.31472011562832,119.46141263909165,海创柒贤贡院,1,14915,大连海创物业管理有限公司,2.2,辽宁,0,二手房,2016
沙河口区连山街44-2号半地下一层（地上一层部分）,大连,大连国合嘉汇房地产开发有限公司,沙河口,20190318,38.892991456958086,121.57299542767161,星海蓝山,2,26225,大连国合嘉汇物业管理有限公司,2.5,辽宁,0,二手房,2007
中山区清溪南街11号,大连,大连澳南房屋开发有限公司,中山,20190318,38.88919604283904,121.66466481004835,秀月嘉园,2,25718,大连澳邦致和物业服务有限公司,1.2,辽宁,0,二手房,2015
无门店信息,大连,暂无信息,西岗,20190318,34.52713835999158,118.76812980670795,海寰别墅,4,23781,无物业管理服务,-,辽宁,0,二手房,2005
无门店信息,大连,暂无信息,西岗,20190318,34.52713835999158,118.76812980670795,华良海景花园,11,23263,香港侨乐物业管理（中国）有限公司,1.5,辽宁,0,二手房,2004
高新园区敬贤街25-9,大连,嘉和房地产集团有限公司,高新园区,20190318,38.86877373541043,121.52975162654023,半山嘉苑,4,11902,大连海创物业管理有限公司,0.5,辽宁,0,二手房,2009
中山区东港龙湖水晶郦湾7-102,大连,大连德威佳业投资有限公司,中山,20190318,38.924700620463895,121.70344398518496,东港天鹅湾,45,27051,哈尔滨德润物业管理有限公司大连分公司,4.8,辽宁,0,二手房,2018
西岗区黄河路90号公建部分,大连,暂无信息,西岗,20190318,38.92234529815978,121.62829331825485,37中新开路,10,15876,无物业管理服务,-,辽宁,0,二手房,1993
无门店信息,大连,大连康阳房屋开发有限公司,甘井子,20190318,34.52713835999158,118.76812980670795,南岭新城二期,58,14209,大连鸿诚物业管理有限公司,0.4,辽宁,0,二手房,2005
中山区高尚路28-1号,大连,大连海华房地产开发有限公司,中山,20190318,38.892673425111305,121.67148833870213,海贝花园,6,11520,大连高原物业管理有限公司,1,辽宁,0,二手房,1995
沙河口区高尔基路559号公建,大连,大连新星亿乾房地产开发有限公司,沙河口,20190318,38.90399197515687,121.59483016331266,新星星海中心,10,21330,大连生生物业管理有限公司,0.8,辽宁,0,二手房,2016
甘井子区惠泽南园3-7号,大连,大连长鹭房屋开发有限公司,甘井子,20190318,38.939326611323615,121.52337842113351,长鹭晶品逸林,6,25193,大连旺宇物业有限公司,1.9,辽宁,0,二手房,2016
沙河口区杨树街4-4号公建,大连,无开发商,高新园区,20190318,38.88444587249751,121.55130620045541,杨树街,2,13266,无物业管理服务,-,辽宁,0,二手房,2000
西岗区大同街125号,大连,大连远东房屋开发有限公司,西岗,20190318,38.920458602340894,121.61445835429899,银寰大厦,2,11501,大连银力物业管理有限公司,0.5,辽宁,0,二手房,2002
甘井子区华北路花锦园28号23-3-1-2建筑物,大连,大连万科蓝山房地产开发有限公司,甘井子,20190318,38.951627958411166,121.5739439799003,万科公园里二期,1,21813,大连万科物业服务有限公司,3.5,辽宁,0,二手房,2016
甘井子区华北路花锦园28号23-3-1-2建筑物,大连,大连亿海房地产开发有限公司,甘井子,20190318,38.951627958411166,121.5739439799003,鼎山家园(华北路),3,16035,街道办事处（居委会）代管物业,0.3,辽宁,0,二手房,2001
西岗区黄河路90号公建部分,大连,大连世纪南娄置业有限公司,西岗,20190318,38.92234529815978,121.62829331825485,外滩七号,2,15846,大连亿达新工物业管理有限公司,3,辽宁,0,二手房,2013
沙河口区联合路133号,大连,无开发商,沙河口,20190318,38.91608561262676,121.60480987310456,五星国际,1,22598,无物业管理服务,0.5,辽宁,0,二手房,2008
开发区红梅小区19栋-2-1-1号,大连,开发区城建局,开发区,20190318,29.906498897603264,121.5913630631805,泰华公寓,6,14230,街道办事处（居委会）代管物业,0.5,辽宁,0,二手房,2005
沙河口区成仁街91号,大连,无开发商,沙河口,20190318,38.91539947107844,121.59585638842556,中心小学后,2,12551,无物业管理服务,-,辽宁,0,二手房,1989
中山区中青街87号一单元107,大连,大连鼎泰房地产开发有限公司,中山,20190318,38.90213494248529,121.65806522267005,葵英九號,1,21999,大连安德物业管理有限公司,2.4,辽宁,0,二手房,2015
中山区虎滩路176号4-1-2,大连,大连万基房地产开发有限公司,中山,20190318,38.890884710033156,121.69257379232747,万基虎滩园,1,30373,大连一顺物业公司,0.8,辽宁,0,二手房,2004
中山区鲁迅路184号1层B—A,大连,大连港连房地产开发有限公司,中山,20190318,38.92590875965419,121.67594393403164,春明小区,2,13608,大连仁安物业管理有限公司,0.2,辽宁,0,二手房,1999
中山区安居巷7号,大连,大连上鼎大厦有限公司,中山,20190318,38.900436431991984,121.67796628922625,上鼎大厦,11,10140,大连上鼎物业管理有限公司,11.6,辽宁,0,二手房,2000
沙河口区昌黎街77号楼第1层公建,大连,大连民勇房地产开发有限公司,沙河口,20190318,38.91974518366595,121.5902918379551,民勇2005,10,17309,无物业管理服务,2.8,辽宁,0,二手房,2009
甘井子区金家街17-7号,大连,暂无信息,甘井子,20190318,38.97493697764367,121.60110987128529,金源花园,7,19488,无物业管理服务,-,辽宁,0,二手房,2000
沙河口区长江路738号,大连,无开发商,西岗,20190318,38.92379936592553,121.61207696256155,同聚街,1,17242,大连远洋风景物业服务中心,0.5,辽宁,0,二手房,2000
中山区中南路226号,大连,万科中山置业有限公司,中山,20190318,38.90029610333926,121.68178899957817,万科中南府,3,28062,大连万科物业服务有限公司,5,辽宁,0,二手房,2018
大连市高新园区七贤中路63号,大连,大连金海达房地产开发有限公司,高新园区,20190318,38.86053006357667,121.53273606963094,御府山海观,4,24059,大连御府物业管理有限公司,2.9,辽宁,0,二手房,2016
中山区东港龙湖水晶郦湾7-102,大连,中合才华（大连）置业有限公司,中山,20190318,38.924700620463895,121.70344398518496,紫御东方,10,25673,大连中合物业管理有限公司,4.6,辽宁,0,二手房,2016
中山区益民街16号1层1号,大连,大连新世界大厦有限公司,中山,20190318,38.93092761298906,121.66470740073377,新世界名泷,25,16150,大连侨乐物业服务有限公司,4.9,辽宁,0,二手房,2014
沙河口区西南路40号楼,大连,暂无信息,沙河口,20190318,38.94141605900714,121.58612100465703,空军干休所,5,26456,暂无信息,1.5,辽宁,0,二手房,2007
西岗区新田巷27号1-2,大连,无开发商,西岗,20190318,38.893215932589385,121.64103065169111,新起点公寓,7,9775,无物业管理服务,-,辽宁,0,二手房,1999
中山区杏林街66—5号,大连,暂无信息,中山,20190318,38.9244189768098,121.6630029448549,杏林街,5,22238,无物业管理服务,-,辽宁,0,二手房,-
中山区武昌街武昌公寓6号公建,大连,无开发商,中山,20190318,38.912280913445784,121.64921130527547,昆明街,1,13204,无物业管理服务,-,辽宁,0,二手房,1990
西岗区八一路102号,大连,无开发商,西岗,20190318,38.891094924332045,121.65327483516513,群英阁,1,17437,无物业管理服务,-,辽宁,0,二手房,2000
中山区杏林街66—5号,大连,无开发商,中山,20190318,38.9244189768098,121.6630029448549,清爽街,8,27187,无物业管理服务,-,辽宁,0,二手房,1995
中山区北斗街53号1层1号,大连,大连华顺房地产开发公司,中山,20190318,38.92727355733075,121.67002970974048,都市海景,6,12115,大连华富物业管理有限公司,1,辽宁,0,二手房,2000
无门店信息,大连,大连裕安房地产开发有限公司,甘井子,20190318,34.52713835999158,118.76812980670795,金塘裕墅,7,27516,大连旺宇物业有限公司,3.5,辽宁,0,二手房,2014
开发区松苑街23号,大连,暂无信息,开发区,20190318,22.52087710763645,113.40156104777168,太平洋住皇别墅,1,19186,无物业管理服务,0.4,辽宁,0,二手房,-
中山区益民街16号1层1号,大连,大连时代广场发展有限公司,中山,20190318,38.93092761298906,121.66470740073377,时代广场,16,17115,九龙仓物业管理有限公司,3.5,辽宁,0,二手房,2008
西岗区长春路334号,大连,无开发商,西岗,20190318,38.89807766522607,121.63221082858387,迎春一巷,3,11312,无物业管理服务,-,辽宁,0,二手房,1995
开发区润海园中区65-7号1-2号,大连,美国汉斯地产,开发区,20190318,39.04047273176333,121.76392358042445,恒大公园大道,4,18088,第一太平戴维斯物业顾问（北京）有限公司大连分公司,4.8,辽宁,0,二手房,2012
甘井子区海口路77—5号,大连,暂无信息,甘井子,20190318,38.960286398428124,121.60305183172997,八十中汉德花园,12,14668,街道办事处（居委会）代管物业,0.3,辽宁,0,二手房,2000
无门店信息,大连,中体产业集团大连乐百年置业有限公司,甘井子,20190318,34.52713835999158,118.76812980670795,中体九号院别墅,5,28593,广东中奥物业有限公司大连分公司,4.5,辽宁,0,二手房,2014
中山区爱华街13号,大连,大连万达房地产开发有限公司,中山,20190318,38.92541607518685,121.6535728031028,万达大厦,2,7951,暂无信息,4.8,辽宁,0,二手房,2002
沙河口区五一路219-1,大连,大连铁路房地产开发有限责任公司,沙河口,20190318,38.9026964858514,121.56644125985508,铁路小区,3,12502,大连铁道物业管理有限责任公司,0.3,辽宁,0,二手房,1998
中山区共建巷61号,大连,无开发商,中山,20190318,38.91828093658718,121.66259221532148,南山董事绘,1,50641,无物业管理服务,0.5,辽宁,0,二手房,2000
沙河口区联合路133号,大连,无开发商,西岗,20190318,38.91608561262676,121.60480987310456,建业南街,7,13713,无物业管理服务,-,辽宁,0,二手房,1995
中山区职工街96号1-3层公建,大连,无开发商,中山,20190318,38.92565613737007,121.66193575790903,新乐里（三八广场）,6,12953,无物业管理服务,-,辽宁,0,二手房,1993
沙河口区五四路207-1-9号,大连,暂无信息,沙河口,20190318,38.906488732904506,121.5996637934482,同泰公馆,2,24266,街道办事处（居委会）代管物业,0.5,辽宁,0,二手房,2005
中山区同心街72号1楼公建,大连,嘉华地产,中山,20190318,38.91979245940674,121.64769198230202,青泥8号,6,13138,大连佳和物业管理有限公司,4.5,辽宁,0,二手房,2016
无门店信息,大连,大连西城置业有限公司（万科）,甘井子,20190318,34.52713835999158,118.76812980670795,万科西山别墅,7,24219,大连万科物业服务有限公司,5,辽宁,0,二手房,2014
大连市甘井子区银田北园14号,大连,亿达集团大连房地产开发有限公司,甘井子,20190318,38.9742441034389,121.47189841879823,亿达春田里,10,21386,亿达物业管理有限公司,2.2,辽宁,0,二手房,2017
无门店信息,大连,大连中庚房地产开发有限公司,旅顺口,20190318,34.52713835999158,118.76812980670795,中庚香海金鼎,6,5228,大连中庚物业管理有限公司,1,辽宁,0,二手房,2012
沙河口区星海广场B3区20—3号,大连,大连锦联地产集团有限公司,沙河口,20190318,38.888054001818844,121.58662952422732,世纪经典,13,16675,大连锦联物业管理有限公司,3.8,辽宁,0,二手房,2001
中山区益民街16号1层1号,大连,无开发商,中山,20190318,38.93092761298906,121.66470740073377,丹东街（民主广场）,2,10168,无物业管理服务,-,辽宁,0,二手房,2000
开发区松苑街23号,大连,大连文园海景房地产开发有限公司,开发区,20190318,22.52087710763645,113.40156104777168,文园海景,1,9602,大连文园海景房地产开发有限公司,3,辽宁,0,二手房,2015
无门店信息,大连,大连鲁能置业有限公司,金州,20190318,34.52713835999158,118.76812980670795,大连金石滩鲁能胜地,16,10190,长城物业集团股份有限大连分公司,1.9,辽宁,0,二手房,2017
沙河口区联合路133号,大连,无开发商,沙河口,20190318,38.91608561262676,121.60480987310456,联合路,2,12319,无物业管理服务,-,辽宁,0,二手房,1995
西岗区三元街73号3单元1层2,大连,暂无信息,西岗,20190318,38.91459734722941,121.63112153703432,34中市场街,9,29548,无物业管理服务,-,辽宁,0,二手房,1988
"西岗区泰公街20号2层7号 西岗区久寿街22号1层14号""",大连,大连锦绣大厦有限公司,西岗,20190318,38.92600196862723,121.62141976476381,锦绣大厦,15,8545,大连锦绣物业管理有限公司,1,辽宁,0,二手房,2000
中山区益民街16号1层1号,大连,无开发商,中山,20190318,38.93092761298906,121.66470740073377,职工街（三八广场）,3,13330,无物业管理服务,2,辽宁,0,二手房,1992
西岗区中山路158号唐山街市场外14号,大连,大连星耀置业有限公司,西岗,20190318,38.91835355789945,121.63274981188985,汇景天地,10,22912,大连仲量联行服务有限公司,6.5,辽宁,0,二手房,2014
西岗区康平街2号（5号楼3-1-3号）,大连,暂无信息,西岗,20190318,38.91044414697888,121.61980769264477,34中建民街,5,27728,无物业管理服务,-,辽宁,0,二手房,1970
中山区三八广场5号,大连,无开发商,中山,20190318,38.92540000551715,121.6642911149562,捷胜街,3,16373,无物业管理服务,-,辽宁,0,二手房,1995
无门店信息,大连,大连金石文化旅游投资有限公司,金州,20190318,34.52713835999158,118.76812980670795,大连金石天成,27,9009,大连万达物业管理有限公司,1.8,辽宁,0,二手房,2014
大连市沙河口区黄河路729号,大连,无开发商,沙河口,20190318,38.91710565765228,121.58954758972729,黄河路（西安路商圈）,3,10666,无物业管理服务,-,辽宁,0,二手房,1995
无门店信息,大连,大连龙润房屋开发有限公司,高新园区,20190318,34.52713835999158,118.76812980670795,橡树庄园,7,30158,大连中和信邦物业管理有限公司,4.8,辽宁,0,二手房,2015
甘井子区金北街17号,大连,大连亿嘉诚房地产开发有限公司,甘井子,20190318,38.95546176066109,121.5285003794903,书香门第,3,26521,大连优豪斯物业管理有限公司,0.5,辽宁,0,二手房,2015
沙河口区五四路207-1-9号,大连,暂无信息,沙河口,20190318,38.906488732904506,121.5996637934482,集贤南二街,2,12897,无物业管理服务,-,辽宁,0,二手房,1990
甘井子区泉水B5区27-9,大连,大连万锦房地产开发有限公司,甘井子,20190318,39.014833760509994,121.60955220395961,万锦民悦二期,3,14258,大连瑞鑫物业管理有限公司,0.5,辽宁,0,二手房,2010
中山区益民街16号1层1号,大连,无开发商,中山,20190318,38.93092761298906,121.66470740073377,勤俭街（三八广场）,1,11995,无物业管理服务,-,辽宁,0,二手房,1990
西岗区新田巷27号1-2,大连,无开发商,西岗,20190318,38.893215932589385,121.64103065169111,新秀街（石道街商圈）,1,9658,无物业管理服务,-,辽宁,0,二手房,1996
中山区中青街87号一单元107,大连,无开发商,中山,20190318,38.90213494248529,121.65806522267005,葵丰路,2,17708,无物业管理服务,-,辽宁,0,二手房,1995
无门店信息,大连,大连圣泰度假村有限公司,金州,20190318,34.52713835999158,118.76812980670795,阳光地中海,14,9924,大连圣泰物业管理有限公司,1.5,辽宁,0,二手房,2010
金州新区先进街道五一路350-1号1-2层,大连,辽宁宝林集团大连房地产开发公司,金州,20190318,39.095023587156554,121.74333264248519,宝林凤凰城,18,9163,宝林集团物业管理有限公司,0.5,辽宁,0,二手房,2012
西岗区八一路102号,大连,无开发商,西岗,20190318,38.891094924332045,121.65327483516513,智勇西二巷,7,9717,无物业管理服务,-,辽宁,0,二手房,1993
中山区共建巷61号,大连,暂无信息,中山,20190318,38.91828093658718,121.66259221532148,樱花苑,2,47149,暂无信息,-,辽宁,0,二手房,-
沙河口区星海广场B3区20—3号,大连,大连金广集团,沙河口,20190318,38.888054001818844,121.58662952422732,星海国际金融中心,20,24631,大连中福商物业管理有限公司,5.9,辽宁,0,二手房,2013
金州区光明街道育才街42-6号1-2层,大连,大连市金州区光明房地产开发有限公司,金州,20190318,39.109080894078986,121.7182584929096,学府世家,3,12081,大连永和物业管理有限公司,1.2,辽宁,0,二手房,2011
沙河口区连山街44-2号半地下一层（地上一层部分）,大连,暂无信息,沙河口,20190318,38.892991456958086,121.57299542767161,环保宾馆,4,13740,无物业管理服务,0.5,辽宁,0,二手房,1993
"西岗区泰公街20号2层7号 西岗区久寿街22号1层14号""",大连,大连安大房屋开发有限公司,西岗,20190318,38.92600196862723,121.62141976476381,万达公寓,2,8765,庄河金城物业管理有限公司,0.8,辽宁,0,二手房,1997
中山区北斗街53号1层1号,大连,大连万达房地产开发有限公司,中山,20190318,38.92727355733075,121.67002970974048,万达公馆3号,18,25006,大连万达物业管理有限公司,5.9,辽宁,0,二手房,2013
开发区小孤山西里3栋-11号,大连,暂无信息,开发区,20190318,39.02715282297674,121.80682183666346,瑞仕尚城二期,1,12284,大连阿尔滨集团物业管理有限公司,1.7,辽宁,0,二手房,2010
大连经济技术开发区同和里7栋-9号,大连,暂无信息,开发区,20190318,39.04901984220615,121.7885236929847,亿锋8号领袖官邸,14,20391,无物业管理服务,2,辽宁,0,二手房,2014
无门店信息,大连,中信集团大连中信房地产开发公司,西岗,20190318,34.52713835999158,118.76812980670795,中信海天瀛洲,3,39513,大连中信物业管理有限公司,2.5,辽宁,0,二手房,2006
西岗区长红街4号1号公建,大连,暂无信息,西岗,20190318,38.91377414665191,121.6302525225721,胜利东路（武昌街商圈）,1,13267,无物业管理服务,-,辽宁,0,二手房,1998
西岗区康平街2号（5号楼3-1-3号）,大连,暂无信息,西岗,20190318,38.91044414697888,121.61980769264477,34中果园巷,9,25881,暂无信息,-,辽宁,0,二手房,1993
中山区武昌街武昌公寓6号公建,大连,暂无信息,中山,20190318,38.912280913445784,121.64921130527547,松风巷,1,11298,暂无信息,-,辽宁,0,二手房,1998
大连市金州区站前街道生辉第一城14-3号1-2层,大连,大连凯盟房地产开发有限公司,开发区,20190318,39.0569681786798,121.74773530665969,远洋壹中心,11,12304,大连远洋基业物业管理有限公司,4.5,辽宁,0,二手房,2016
无门店信息,大连,大连益海房屋开发有限公司,甘井子,20190318,34.52713835999158,118.76812980670795,益海美利山,7,13525,大连溪谷阳光物业服务有限公司,1.8,辽宁,0,二手房,2016
西岗区康平街2号（5号楼3-1-3号）,大连,暂无信息,西岗,20190318,38.91044414697888,121.61980769264477,胜利路（莲花白云商圈）,1,11286,无物业管理服务,-,辽宁,0,二手房,1999
中山区职工街96号1-3层公建,大连,暂无信息,中山,20190318,38.92565613737007,121.66193575790903,骊高新世界,21,20273,大连侨乐物业服务有限公司,4,辽宁,0,二手房,2010
中山区爱华街13号,大连,大连诚瑞项目管理有限公司,中山,20190318,38.92541607518685,121.6535728031028,千汇城,14,13681,大连好管家物业管理有限公司,2.8,辽宁,0,二手房,1998
西岗区中山路158号唐山街市场外14号,大连,暂无信息,西岗,20190318,38.91835355789945,121.63274981188985,34中通山街,10,24631,无物业管理服务,-,辽宁,0,二手房,1980
中山区秀月街37号1层2号,大连,暂无信息,中山,20190318,38.88757907576307,121.66311065527876,春阳街,1,15658,无物业管理服务,-,辽宁,0,二手房,-
无门店信息,大连,无开发商,西岗,20190318,34.52713835999158,118.76812980670795,华滨街（八一路）,6,11105,无物业管理服务,-,辽宁,0,二手房,1993
开发区东北三街94号1层,大连,大连恒一嘉元置业有限公司,开发区,20190318,39.05723508011585,121.80570768630555,嘉华园,7,11879,大连海昌欣城物业管理有限公司,1.5,辽宁,0,二手房,2007
西岗区长红街4号1号公建,大连,暂无信息,西岗,20190318,38.91377414665191,121.6302525225721,34中高尔基路,1,28739,无物业管理服务,-,辽宁,0,二手房,1990
中山区东港龙湖水晶郦湾7-102,大连,大连盈盛房地产开发有限公司,中山,20190318,38.924700620463895,121.70344398518496,保利天禧二期 禧岸1903,6,26869,保利物业服务有限公司,4.8,辽宁,0,二手房,2018
无门店信息,大连,暂无信息,西岗,20190318,34.52713835999158,118.76812980670795,华泰街,3,14597,渤海花园物业管理有限公司,2.5,辽宁,0,二手房,1997
甘井子区哲林北园17-6号,大连,大连万晟置业有限公司,甘井子,20190318,38.9600267109581,121.53876726228256,六号院,4,64283,大连戴德梁行物业管理有限公司,2.9,辽宁,0,二手房,2017
中山区南山路59号1层4号,大连,暂无信息,中山,20190318,38.91992239075882,121.6479206962747,七七街,2,11500,暂无信息,-,辽宁,0,二手房,-
甘井子区亿家缘虹韵路205,大连,暂无信息,甘井子,20190318,38.95759554613104,121.5279376157567,第五郡一号地公寓,31,16429,亿达物业管理有限公司,2,辽宁,0,二手房,2012
大连市金州区友谊街道南金华城25号1-2层1号,大连,大连金华房地产开发有限公司,金州,20190318,39.128677228885614,121.71356109978767,金华小区四期,5,9876,大连金华兴物业有限公司,1.5,辽宁,0,二手房,2014
甘井子区华东路22号公建,大连,无开发商,甘井子,20190318,38.97736184953593,121.5935814234334,金龙路,11,10564,无物业管理服务,-,辽宁,0,二手房,1993
中山区武昌街武昌公寓6号公建,大连,无开发商,中山,20190318,38.912280913445784,121.64921130527547,铁山巷（南山商圈）,1,12872,街道办事处（居委会）代管物业,1,辽宁,0,二手房,1990
沙河口区马栏北街186号,大连,无开发商,沙河口,20190318,38.921778341674376,121.58261780680284,第五干休所,4,12377,无物业管理服务,0.2,辽宁,0,二手房,1993
甘井子区甘井子路32号楼1单元1楼9号,大连,暂无信息,甘井子,20190318,38.982488275116516,121.63345389253514,光明山西街,2,14417,无物业管理服务,0.5,辽宁,0,二手房,2000
甘井子区泉水B5区27-9,大连,无开发商,甘井子,20190318,39.014833760509994,121.60955220395961,南关岭路小区,10,10649,街道办事处（居委会）代管物业,0.5,辽宁,0,二手房,1990
中山区金城街26号一楼,大连,暂无信息,中山,20190318,38.922282529515634,121.65214466263014,华昌街,2,16728,暂无信息,-,辽宁,0,二手房,1979
中山区高尚路28-1号,大连,无开发商,中山,20190318,38.892673425111305,121.67148833870213,高家屯,5,9289,街道办事处（居委会）代管物业,0.5,辽宁,0,二手房,1996
西岗区八一路196号2-1-12号,大连,暂无信息,西岗,20190318,38.89127420834314,121.6483201412943,桃源山庄,2,56564,街道办事处（居委会）代管物业,-,辽宁,0,二手房,2006
西岗区绕山路31号公建一层东侧,大连,无开发商,西岗,20190318,38.90257514466717,121.61412736644739,山庄北三街,5,10363,无物业管理服务,-,辽宁,0,二手房,1990
中山区民建街10号1单元1号,大连,无开发商,中山,20190318,38.925444479476894,121.66915026954452,东方商厦,3,12757,街道办事处（居委会）代管物业,0.5,辽宁,0,二手房,2002
西岗区长春路334号,大连,无开发商,西岗,20190318,38.89807766522607,121.63221082858387,花园巷,4,8803,无物业管理服务,-,辽宁,0,二手房,1990
西岗区胜利路33号,大连,暂无信息,西岗,20190318,38.91309771954841,121.62500886627636,34中北京街,1,26888,暂无信息,-,辽宁,0,二手房,1995
无门店信息,大连,大连光伸企业集团有限公司,开发区,20190318,34.52713835999158,118.76812980670795,名品公寓,38,6731,大连大管家物业管理有限公司,1.2,辽宁,0,二手房,2010
中山区武昌街武昌公寓6号公建,大连,大连一正物业有限公司,中山,20190318,38.912280913445784,121.64921130527547,一正大厦,7,11843,一正物业管理有限公司,3,辽宁,0,二手房,2010
开发区红星海-B区89-1号,大连,远洋地产有限公司,开发区,20190318,39.027851194371685,121.80327394132297,红星海三期堡藏,2,40785,大连远洋基业物业管理有限公司,2.2,辽宁,0,二手房,2012
甘井子区芳林街17号1单元1层1号,大连,暂无信息,甘井子,20190318,38.96091976856697,121.58863625429588,八十中四二七路,2,17021,街道办事处（居委会）代管物业,0.2,辽宁,0,二手房,1980
沙河口区联合路133号,大连,暂无信息,沙河口,20190318,38.91608561262676,121.60480987310456,中山路（太原街商圈）,1,12084,街道办事处（居委会）代管物业,-,辽宁,0,二手房,-
西岗区平等街21号1层2号,大连,无开发商,西岗,20190318,38.92251066253164,121.63236845125735,云阳街（大菜市商圈）,4,9803,无物业管理服务,-,辽宁,0,二手房,1990
莲花山路89-3号,大连,暂无信息,沙河口,20190318,38.90273559371702,121.6046814926709,玉华街,3,15437,暂无信息,-,辽宁,0,二手房,-
中山区华乐街71号公建,大连,暂无信息,中山,20190318,38.923187679200566,121.6843197903016,东港印象B区,1,22269,大连众和物业管理有限公司,1.2,辽宁,0,二手房,2008
高新园区红凌路732-4号,大连,大华集团大连置业有限公司,高新园区,20190318,38.90158813547366,121.53265954348016,大华锦绣华城华公馆,2,17369,大连大华物业管理有限公司,3.8,辽宁,0,二手房,2017
中山区同心街72号1楼公建,大连,暂无信息,中山,20190318,38.91979245940674,121.64769198230202,解放路（昆明街商圈）,2,14943,无物业管理服务,-,辽宁,0,二手房,-
沙河口区五四路207-1-9号,大连,无开发商,沙河口,20190318,38.906488732904506,121.5996637934482,新生巷,1,12022,街道办事处（居委会）代管物业,0.5,辽宁,0,二手房,-
中山区益民街16号1层1号,大连,无开发商,中山,20190318,38.93092761298906,121.66470740073377,自强街（三八广场）,2,14198,无物业管理服务,-,辽宁,0,二手房,1993
西岗区中山路158号唐山街市场外14号,大连,暂无信息,西岗,20190318,38.91835355789945,121.63274981188985,34中安宁巷,3,29568,无物业管理服务,-,辽宁,0,二手房,1985
沙河口区西南路358号1—2号,大连,暂无信息,沙河口,20190318,38.90839654326566,121.56908246905662,西南路（熟食品区域）,2,12157,暂无信息,-,辽宁,0,二手房,-
甘井子区凌秀路37号-1链家地产,大连,暂无信息,高新园区,20190318,38.883794285403965,121.52361997548515,栾金西街,1,14435,街道办事处（居委会）代管物业,-,辽宁,0,二手房,-
甘井子区泉水P3区35-2号,大连,暂无信息,甘井子,20190318,39.01527710332192,121.63580499384456,泉水P1区,1,11488,暂无信息,-,辽宁,0,二手房,-
中山区高尚路28-1号,大连,无开发商,中山,20190318,38.892673425111305,121.67148833870213,红旗巷,5,11216,无物业管理服务,-,辽宁,0,二手房,1996
西岗区绕山路31号公建一层东侧,大连,无开发商,西岗,20190318,38.90257514466717,121.61412736644739,南阳巷,3,10626,无物业管理服务,-,辽宁,0,二手房,1995
大连市甘井子区银田北园14号,大连,大连益通房地产开发有限公司,甘井子,20190318,38.9742441034389,121.47189841879823,亿达春田禧跃,2,15993,亿达物业管理有限公司,4.4,辽宁,0,二手房,2018
金州区同济路44号,大连,大连新界置业有限公司,金州,20190318,39.10476859984152,121.71234684495865,新青年印象,36,8207,大连新青年物业管理有限公司,1.3,辽宁,0,二手房,2014
无门店信息,大连,暂无信息,旅顺口,20190318,34.52713835999158,118.76812980670795,滨海家园,2,9314,街道办事处（居委会）代管物业,-,辽宁,0,二手房,-
甘井子区玉丽街2号楼1单元4号公建,大连,暂无信息,甘井子,20190318,38.98705071699301,121.55513043130172,玉山一街,1,10564,无物业管理服务,-,辽宁,0,二手房,2000
中山区安居巷7号,大连,大连永高房屋开发有限公司,西岗,20190318,38.900436431991984,121.67796628922625,功勋街（胜利桥北商圈）,17,12808,无物业管理服务,-,辽宁,0,二手房,1990
无门店信息,大连,暂无信息,金州,20190318,34.52713835999158,118.76812980670795,御景园,19,8741,无物业管理服务,1.5,辽宁,0,二手房,2010
西岗区黄河路82号,大连,暂无信息,西岗,20190318,38.92243503020161,121.6287927913896,建设街（大菜市商圈）,4,11931,无物业管理服务,-,辽宁,0,二手房,-
无门店信息,大连,暂无信息,金州,20190318,34.52713835999158,118.76812980670795,金石小区,13,7018,暂无信息,-,辽宁,0,二手房,-
无门店信息,大连,暂无信息,甘井子,20190318,34.52713835999158,118.76812980670795,颐和五号,8,10695,大连中圣物业管理有限公司,1.5,辽宁,0,二手房,2015
沙河口区西南路161号,大连,暂无信息,沙河口,20190318,38.89269676588945,121.56639953951542,龙门街,1,10919,暂无信息,-,辽宁,0,二手房,-
无门店信息,大连,暂无信息,西岗,20190318,34.52713835999158,118.76812980670795,惠君庭,3,52898,无物业管理服务,-,辽宁,0,二手房,-
西岗区胜利路33号,大连,暂无信息,西岗,20190318,38.91309771954841,121.62500886627636,34中沈阳路,2,24779,无物业管理服务,-,辽宁,0,二手房,1993
无门店信息,大连,无开发商,中山,20190318,34.52713835999158,118.76812980670795,结好巷,1,13464,无物业管理服务,-,辽宁,0,二手房,1988
金州新区先进街道五一路350-1号1-2层,大连,辽宁宝林集团大连房地产开发公司,金州,20190318,39.095023587156554,121.74333264248519,宝林里,4,10037,宝林集团物业管理有限公司,1.8,辽宁,0,二手房,2013
西岗区绕山路31号公建一层东侧,大连,无开发商,西岗,20190318,38.90257514466717,121.61412736644739,山庄南一巷,2,12041,无物业管理服务,-,辽宁,0,二手房,1990
西岗区平等街21号1层2号,大连,无开发商,西岗,20190318,38.92251066253164,121.63236845125735,兴业街（大菜市商圈）,8,12083,无物业管理服务,0.5,辽宁,0,二手房,1996
西岗区中山路158号唐山街市场外14号,大连,暂无信息,西岗,20190318,38.91835355789945,121.63274981188985,34中一二九街,1,27805,暂无信息,-,辽宁,0,二手房,1988
岭前街53-5,大连,无开发商,中山,20190318,38.89487069426055,121.65795959631497,桃源街（桃源商圈）,4,20234,社区物业,-,辽宁,0,二手房,-
金州区凤翔路220号,大连,大连鸿玮置业有限公司,金州,20190318,39.08410553937731,121.77700083356399,鸿玮澜山三期尊岳,1,16947,大连鸿玮物业服务有限公司,4.8,辽宁,0,二手房,2018
中山区益民街16号1层1号,大连,大连盛发置业有限公司,中山,20190318,38.93092761298906,121.66470740073377,富丽华国际,1,16311,大连富丽华物业管理有限公司,5.8,辽宁,0,二手房,2014
无门店信息,大连,大连纳帕溪谷温泉度假有限公司,金州,20190318,34.52713835999158,118.76812980670795,纳帕溪谷御山,14,11031,大连合昌物业服务有限公司,1.8,辽宁,0,二手房,2014
开发区东北三街94号1层,大连,大连盛和房地产开发有限公司,开发区,20190318,39.05723508011585,121.80570768630555,盛和派帝盟,14,5933,街道办事处（居委会）代管物业,0.5,辽宁,0,二手房,1999
中山区岭前街53-5,大连,暂无信息,西岗,20190318,38.89487069426055,121.65795959631497,青春街,1,9980,暂无信息,-,辽宁,0,二手房,-
无门店信息,大连,大连景盛房地产开发有限公司,金州,20190318,34.52713835999158,118.76812980670795,金城帝景,1,6885,大连广隆物业管理有限公司,1.2,辽宁,0,二手房,2015
中山区益民街16号1层1号,大连,暂无信息,中山,20190318,38.93092761298906,121.66470740073377,亚太国际金融中心,7,12711,暂无信息,-,辽宁,0,二手房,-
无门店信息,大连,暂无信息,甘井子,20190318,34.52713835999158,118.76812980670795,秀山丽水,3,12851,街道办事处（居委会）代管物业,-,辽宁,0,二手房,-
西岗区八一路102号,大连,无开发商,西岗,20190318,38.891094924332045,121.65327483516513,新云巷,1,15247,无物业管理服务,-,辽宁,0,二手房,1990
中山区爱华街13号,大连,无开发商,中山,20190318,38.92541607518685,121.6535728031028,华英巷,3,12291,无物业管理服务,-,辽宁,0,二手房,1998
西岗区平等街21号1层2号,大连,无开发商,西岗,20190318,38.92251066253164,121.63236845125735,建平里（大菜市商圈）,1,9926,无物业管理服务,-,辽宁,0,二手房,1995
岭前街53-5,大连,无开发商,中山,20190318,38.89487069426055,121.65795959631497,泰山巷,3,10761,街道办事处（居委会）代管物业,0.5,辽宁,0,二手房,1989
中山区山屏街116号1-1,大连,无开发商,中山,20190318,38.90729438486833,121.68598159980013,春达街,5,10603,无物业管理服务,-,辽宁,0,二手房,1994
大连经济技术开发区同和里7栋-9号,大连,无开发商,开发区,20190318,39.04901984220615,121.7885236929847,昌临商务大厦,14,8579,大连昌临物业管理有限公司,1.2,辽宁,0,二手房,2006
西岗区新田巷27号1-2,大连,暂无信息,西岗,20190318,38.893215932589385,121.64103065169111,新茂巷,3,11369,暂无信息,-,辽宁,0,二手房,-
无门店信息,大连,大连瑞锋房地产开发有限公司,开发区,20190318,34.52713835999158,118.76812980670795,富林国际爱情公寓,3,6674,金开物业公司,2.5,辽宁,0,二手房,2011
甘井子区华东路22号公建,大连,暂无信息,甘井子,20190318,38.97736184953593,121.5935814234334,经一街,2,9704,无物业管理服务,-,辽宁,0,二手房,1993
西岗区鞍山路65-5号,大连,大连国运房地产开发有限公司,沙河口,20190318,38.92701992456326,121.60258216167713,国运壹号公寓,1,17523,大连国运物业管理有限公司,-,辽宁,0,二手房,-
无门店信息,大连,暂无信息,开发区,20190318,34.52713835999158,118.76812980670795,海湾小区,1,17311,街道办事处（居委会）代管物业,-,辽宁,0,二手房,2000
无门店信息,大连,暂无信息,甘井子,20190318,34.52713835999158,118.76812980670795,一品佳地,1,7553,街道办事处（居委会）代管物业,0.5,辽宁,0,二手房,2001
中山区益民街16号1层1号,大连,暂无信息,中山,20190318,38.93092761298906,121.66470740073377,民寿街,2,13072,无物业管理服务,-,辽宁,0,二手房,-
无门店信息,大连,保丰置业（大连）有限公司,金州,20190318,34.52713835999158,118.76812980670795,金海蓝湾,1,7743,盘景汉新物业,1.5,辽宁,0,二手房,2015
中山区民运巷 47号1层2号,大连,无开发商,中山,20190318,38.905955122300846,121.64798148011702,教育一巷,1,11518,无物业管理服务,-,辽宁,0,二手房,1977
甘井子区玉丽街2号楼1单元4号公建,大连,暂无信息,甘井子,20190318,38.98705071699301,121.55513043130172,万国别墅,2,21927,街道办事处（居委会）代管物业,-,辽宁,0,二手房,-
无门店信息,大连,大连宸泰房地产开发有限公司,旅顺口,20190318,34.52713835999158,118.76812980670795,丽水佳园,1,10565,暂无信息,-,辽宁,0,二手房,-
大连市经济技术开发区东城园98-14,大连,暂无信息,开发区,20190318,39.0695450284039,121.85051433870218,聚美东湾三期,2,10983,暂无信息,-,辽宁,0,二手房,-
中山区安居巷7号,大连,无开发商,西岗,20190318,38.900436431991984,121.67796628922625,万众里小区（胜利桥北商圈）,3,11496,大连大众物业管理有限公司,0.5,辽宁,0,二手房,1978
甘井子区泉水B5区27-9,大连,无开发商,甘井子,20190318,39.014833760509994,121.60955220395961,绿园小区一期,2,11494,街道办事处（居委会）代管物业,0.5,辽宁,0,二手房,2000
大连市甘井子区丰收路3-5号,大连,暂无信息,甘井子,20190318,38.965377255081755,121.58288415324094,东纬路,1,14233,无物业管理服务,-,辽宁,0,二手房,1990
无门店信息,大连,大连正中房地产开发有限公司,金州,20190318,34.52713835999158,118.76812980670795,德嘉与海,3,7255,大连本来物业管理有限公司,1.9,辽宁,0,二手房,2013
无门店信息,大连,暂无信息,金州,20190318,34.52713835999158,118.76812980670795,北马山庄,2,24721,无物业管理服务,-,辽宁,0,二手房,1998
中山区安居巷7号,大连,无开发商,中山,20190318,38.900436431991984,121.67796628922625,吉庆街（中山友好商圈）,1,10711,无物业管理服务,-,辽宁,0,二手房,1995
无门店信息,大连,暂无信息,旅顺口,20190318,34.52713835999158,118.76812980670795,翠岫联芳,8,4853,无物业管理服务,-,辽宁,0,二手房,-
大连市甘井子区柳林园8-7号,大连,大连西成房地产开发有限公司,甘井子,20190318,38.91290525308349,121.47673750074993,恒大西山檀府,1,18893,金碧物业有限公司大连分公司,5,辽宁,0,二手房,2016
无门店信息,大连,暂无信息,金州,20190318,34.52713835999158,118.76812980670795,十九局家属楼,7,5987,无物业管理服务,0.1,辽宁,0,二手房,1995
中山区鲁迅路204号百盛新药特药商店一楼西侧部分,大连,暂无信息,中山,20190318,38.92576188797548,121.6771337100355,华山街,1,10173,无物业管理服务,-,辽宁,0,二手房,-
中山区安居巷7号,大连,无开发商,西岗,20190318,38.900436431991984,121.67796628922625,宁海街（胜利桥北商圈）,1,12550,无物业管理服务,-,辽宁,0,二手房,2003
西岗区平等街21号1层2号,大连,暂无信息,西岗,20190318,38.92251066253164,121.63236845125735,兴建街（大菜市商圈）,2,11738,无物业管理服务,-,辽宁,0,二手房,-
金州区拥政街道733号-8号1-2层,大连,无开发商,金州,20190318,39.11690610445662,121.73030803603723,金座商厦,6,8174,街道办事处（居委会）代管物业,0.5,辽宁,0,二手房,2009
中山区解放路471-22号,大连,无开发商,西岗,20190318,38.90018683040924,121.65457658465141,拥军巷,2,14916,无物业管理服务,-,辽宁,0,二手房,1991
中山区爱华街13号,大连,暂无信息,中山,20190318,38.92541607518685,121.6535728031028,祝贺街（中山友好商圈）,1,36227,暂无信息,-,辽宁,0,二手房,1998
中山区爱华街13号,大连,经济日报大连实业开发公司,中山,20190318,38.92541607518685,121.6535728031028,嘉盈商务公寓,1,10787,无物业管理服务,-,辽宁,0,二手房,2001
中山区安居巷7号,大连,无开发商,西岗,20190318,38.900436431991984,121.67796628922625,滨海街（胜利桥北商圈）,2,11004,无物业管理服务,-,辽宁,0,二手房,1999
开发区安盛里5栋-4,大连,暂无信息,开发区,20190318,23.112106678834838,113.27801046214822,鸿府苑,12,6865,无物业管理服务,1,辽宁,0,二手房,2003
无门店信息,大连,大连顺海房地产开发有限公司,旅顺口,20190318,34.52713835999158,118.76812980670795,顺海香堤岛,1,5867,大连顺海物业管理有限公司,1.2,辽宁,0,二手房,2012
无门店信息,大连,大连纳帕溪谷温泉度假有限公司,金州,20190318,34.52713835999158,118.76812980670795,纳帕溪谷御山,16,8362,大连合昌物业服务有限公司,2.5,辽宁,0,二手房,2015
西岗区平等街21号1层2号,大连,无开发商,西岗,20190318,38.92251066253164,121.63236845125735,通江街（大菜市商圈）,6,11311,无物业管理服务,-,辽宁,0,二手房,1995
沙河口区富民路249号,大连,暂无信息,沙河口,20190318,38.93341510428133,121.5770130002514,海警公寓,1,15402,无物业管理服务,-,辽宁,0,二手房,-
无门店信息,大连,大连亿信房地产开发有限公司,甘井子,20190318,34.52713835999158,118.76812980670795,西郊高尔夫庄园,3,17645,第一太平戴维斯物业顾问（北京）有限公司大连分公司,4.5,辽宁,0,二手房,2013
无门店信息,大连,暂无信息,金州,20190318,34.52713835999158,118.76812980670795,王仔假日,18,9917,无物业管理服务,-,辽宁,0,二手房,2000
无门店信息,大连,无开发商,甘井子,20190318,34.52713835999158,118.76812980670795,俊岭街小区,4,19193,街道办事处（居委会）代管物业,-,辽宁,0,二手房,1995
开发区东北三街94号1层,大连,暂无信息,开发区,20190318,39.05723508011585,121.80570768630555,富有大厦,1,8004,大连开建富有物业有限公司,1.2,辽宁,0,二手房,2004
西岗区绕山路31号公建一层东侧,大连,无开发商,西岗,20190318,38.90257514466717,121.61412736644739,山庄北二街,2,13961,无物业管理服务,-,辽宁,0,二手房,1993
中山区安居巷7号,大连,无开发商,西岗,20190318,38.900436431991984,121.67796628922625,民乐街（胜利桥北商圈）,2,12839,无物业管理服务,-,辽宁,0,二手房,1985
中山区爱华街13号,大连,暂无信息,中山,20190318,38.92541607518685,121.6535728031028,一方大厦,3,18508,暂无信息,-,辽宁,0,二手房,-
无门店信息,大连,无开发商,金州,20190318,34.52713835999158,118.76812980670795,嘉合公寓,1,6846,无物业管理服务,0.5,辽宁,0,二手房,1996
西岗区九三街64号,大连,暂无信息,西岗,20190318,38.92094787642578,121.62081970746283,外经贸大厦,1,15286,暂无信息,-,辽宁,0,二手房,-
中山区安居巷7号,大连,无开发商,中山,20190318,38.900436431991984,121.67796628922625,连庆巷,2,14988,无物业管理服务,-,辽宁,0,二手房,1990
中山区爱华街13号,大连,暂无信息,中山,20190318,38.92541607518685,121.6535728031028,民康街,1,14764,暂无信息,-,辽宁,0,二手房,1998
中山区中青街87号一单元107,大连,无开发商,中山,20190318,38.90213494248529,121.65806522267005,光华巷,3,12015,无物业管理服务,-,辽宁,0,二手房,1990
中山区中青街87号一单元107,大连,无开发商,中山,20190318,38.90213494248529,121.65806522267005,新建巷,1,11754,无物业管理服务,-,辽宁,0,二手房,1991
甘井子金地艺境博艺西园2-1号,大连,暂无信息,甘井子,20190318,39.04402110608829,121.665484498555,居家西园小区,10,10352,无物业管理服务,-,辽宁,0,二手房,1996
金州区同济路44号,大连,暂无信息,金州,20190318,39.10476859984152,121.71234684495865,热电厂家属楼,7,6195,无物业管理服务,-,辽宁,0,二手房,2000
无门店信息,大连,暂无信息,金州,20190318,34.52713835999158,118.76812980670795,鲁能胜地琴海园,6,11851,暂无信息,-,辽宁,0,二手房,-
无门店信息,大连,暂无信息,开发区,20190318,34.52713835999158,118.76812980670795,馨家园,8,5379,无物业管理服务,-,辽宁,0,二手房,2000
金州区南棉路310号,大连,暂无信息,金州,20190318,39.09939229372624,121.72414976100345,环保小区,13,6604,街道办事处（居委会）代管物业,0.5,辽宁,0,二手房,1990
西岗区平等街21号1层2号,大连,暂无信息,西岗,20190318,38.92251066253164,121.63236845125735,建盛巷（大菜市商圈）,3,10773,无物业管理服务,-,辽宁,0,二手房,-
无门店信息,大连,暂无信息,金州,20190318,34.52713835999158,118.76812980670795,鲁能优山美地拂海园,6,8575,暂无信息,-,辽宁,0,二手房,-
无门店信息,大连,大连金宸集团,金州,20190318,34.52713835999158,118.76812980670795,金宸蓝郡,1,4513,大连四通物业管理有限公司,0.8,辽宁,0,二手房,2011
中山区安居巷7号,大连,无开发商,西岗,20190318,38.900436431991984,121.67796628922625,连海街（胜利桥北商圈）,1,12189,街道办事处（居委会）代管物业,0.5,辽宁,0,二手房,1984
无门店信息,大连,暂无信息,金州,20190318,34.52713835999158,118.76812980670795,鲁能胜地逸海园,7,12291,暂无信息,-,辽宁,0,二手房,-
无门店信息,大连,暂无信息,旅顺口,20190318,34.52713835999158,118.76812980670795,雅馨苑,1,8894,无物业管理服务,-,辽宁,0,二手房,1996
中山区解放路471-22号,大连,无开发商,中山,20190318,38.90018683040924,121.65457658465141,捷信街,1,14877,街道办事处（居委会）代管物业,-,辽宁,0,二手房,1990
无门店信息,大连,大连阳光新世纪房地产开发有限公司,旅顺口,20190318,34.52713835999158,118.76812980670795,郁林海景花园,1,4897,大连德一物业管理有限公司,1.3,辽宁,0,二手房,2013
西岗区平等街21号1层2号,大连,无开发商,西岗,20190318,38.92251066253164,121.63236845125735,建荣巷（大菜市商圈）,1,9813,无物业管理服务,-,辽宁,0,二手房,1995
无门店信息,大连,暂无信息,甘井子,20190318,34.52713835999158,118.76812980670795,恩泽南园10号,12,29325,无物业管理服务,-,辽宁,0,二手房,-
无门店信息,大连,暂无信息,甘井子,20190318,34.52713835999158,118.76812980670795,丽湾新城,1,16099,街道办事处（居委会）代管物业,-,辽宁,0,二手房,-
无门店信息,大连,暂无信息,旅顺口,20190318,34.52713835999158,118.76812980670795,艺苑路小区,1,7801,暂无信息,-,辽宁,0,二手房,2000
无门店信息,大连,暂无信息,旅顺口,20190318,34.52713835999158,118.76812980670795,九三路西一巷,1,6882,街道办事处（居委会）代管物业,-,辽宁,0,二手房,-
无门店信息,大连,暂无信息,甘井子,20190318,34.52713835999158,118.76812980670795,大连湾街小区,1,8852,街道办事处（居委会）代管物业,-,辽宁,0,二手房,-
无门店信息,大连,无开发商,旅顺口,20190318,34.52713835999158,118.76812980670795,启新逸园（启新街西一巷）,1,6277,无物业管理服务,-,辽宁,0,二手房,2000
中山区爱华街13号,大连,暂无信息,中山,20190318,38.92541607518685,121.6535728031028,同兴街,1,15171,暂无信息,-,辽宁,0,二手房,-
金州区同济路44号,大连,无开发商,金州,20190318,39.10476859984152,121.71234684495865,刘家屯社区,6,6245,街道办事处（居委会）代管物业,0.5,辽宁,0,二手房,1995
无门店信息,大连,暂无信息,金州,20190318,34.52713835999158,118.76812980670795,水木华庭,9,6595,暂无信息,-,辽宁,0,二手房,-
无门店信息,大连,暂无信息,甘井子,20190318,34.52713835999158,118.76812980670795,海禄苑小区,12,9890,无物业管理服务,0.9,辽宁,0,二手房,2000
无门店信息,大连,暂无信息,金州,20190318,34.52713835999158,118.76812980670795,三里公安家属楼,9,6598,暂无信息,-,辽宁,0,二手房,1996
西岗区平等街21号1层2号,大连,无开发商,西岗,20190318,38.92251066253164,121.63236845125735,广丰巷（大菜市商圈）,1,11221,无物业管理服务,-,辽宁,0,二手房,1990
中山区安居巷7号,大连,暂无信息,西岗,20190318,38.900436431991984,121.67796628922625,凯旋温馨公寓（大菜市商圈）,2,14500,无物业管理服务,-,辽宁,0,二手房,-
中山区安居巷7号,大连,暂无信息,中山,20190318,38.900436431991984,121.67796628922625,永和街,1,24219,暂无信息,-,辽宁,0,二手房,-
无门店信息,大连,暂无信息,金州,20190318,34.52713835999158,118.76812980670795,金馨园三区,3,5801,无物业管理服务,-,辽宁,0,二手房,-
无门店信息,大连,无开发商,旅顺口,20190318,34.52713835999158,118.76812980670795,万宝家园（向阳街西四巷）,1,10374,无物业管理服务,-,辽宁,0,二手房,2000
无门店信息,大连,暂无信息,金州,20190318,34.52713835999158,118.76812980670795,民和小区(响泉街),1,6424,无物业管理服务,-,辽宁,0,二手房,-
中山区安居巷7号,大连,暂无信息,中山,20190318,38.900436431991984,121.67796628922625,日航公寓,6,11521,暂无信息,-,辽宁,0,二手房,-
无门店信息,大连,暂无信息,金州,20190318,34.52713835999158,118.76812980670795,大商嘉华金石首府,1,11001,无物业管理服务,-,辽宁,0,二手房,2000
开发区安盛里5栋-4,大连,暂无信息,开发区,20190318,23.112106678834838,113.27801046214822,华民公寓,5,7235,无物业管理服务,-,辽宁,0,二手房,-
中山区武昌街武昌公寓6号公建,大连,暂无信息,中山,20190318,38.912280913445784,121.64921130527547,观象街（武昌街商圈）,3,20065,无物业管理服务,-,辽宁,0,二手房,1990
中山区安居巷7号,大连,暂无信息,中山,20190318,38.900436431991984,121.67796628922625,松林街,2,12050,暂无信息,-,辽宁,0,二手房,-
甘井子区哲林北园17-6号,大连,暂无信息,甘井子,20190318,38.9600267109581,121.53876726228256,甘井里六号院,1,53166,暂无信息,-,辽宁,0,二手房,-
金州区光明街道育才街42-6号1-2层,大连,暂无信息,金州,20190318,39.109080894078986,121.7182584929096,红旗公寓,2,6768,暂无信息,-,辽宁,0,二手房,-
甘井子区凌秀路37号-1链家地产,大连,无开发商,高新园区,20190318,38.883794285403965,121.52361997548515,栾金中街,1,8678,街道办事处（居委会）代管物业,0.5,辽宁,0,二手房,1995
无门店信息,大连,无开发商,金州,20190318,34.52713835999158,118.76812980670795,福泉东里小区,20,6085,街道办事处（居委会）代管物业,0.5,辽宁,0,二手房,2006
金州新区先进街道五一路350-1号1-2层,大连,暂无信息,金州,20190318,39.095023587156554,121.74333264248519,金纺纺校家属楼,4,5809,无物业管理服务,-,辽宁,0,二手房,1995
开发区润海园中区62-9,大连,暂无信息,开发区,20190318,39.04047273176333,121.76392358042445,大连海湾城二期,35,13137,大连金广物业服务有限公司,2.6,辽宁,0,二手房,2012
大连市开发区抚顺街30号,大连,暂无信息,开发区,20190318,38.92272284555705,121.5977239817503,红梅公寓,5,7809,无物业管理服务,-,辽宁,0,二手房,1996
无门店信息,大连,暂无信息,旅顺口,20190318,34.52713835999158,118.76812980670795,水师营街北一巷小区,1,7953,街道办事处（居委会）代管物业,0.5,辽宁,0,二手房,2000
无门店信息,大连,暂无信息,旅顺口,20190318,34.52713835999158,118.76812980670795,和顺街小区,1,5474,暂无信息,-,辽宁,0,二手房,-
金州新区八一路金都嘉园1号楼1号公建,大连,无开发商,金州,20190318,39.05525210261778,121.74865634199398,宏意花园,3,7446,街道办事处（居委会）代管物业,0.5,辽宁,0,二手房,2006
无门店信息,大连,暂无信息,甘井子,20190318,34.52713835999158,118.76812980670795,佳地天成二期,1,9178,街道办事处（居委会）代管物业,0.5,辽宁,0,二手房,2001
无门店信息,大连,暂无信息,金州,20190318,34.52713835999158,118.76812980670795,红堡,2,11351,暂无信息,-,辽宁,0,二手房,-
无门店信息,大连,暂无信息,开发区,20190318,34.52713835999158,118.76812980670795,通达公寓,3,5286,暂无信息,-,辽宁,0,二手房,-
无门店信息,大连,暂无信息,金州,20190318,34.52713835999158,118.76812980670795,金馨园一区,3,6680,暂无信息,-,辽宁,0,二手房,-
开发区安盛里5栋-4,大连,暂无信息,开发区,20190318,23.112106678834838,113.27801046214822,世格公寓,3,6890,无物业管理服务,-,辽宁,0,二手房,1998
无门店信息,大连,暂无信息,金州,20190318,34.52713835999158,118.76812980670795,金座,4,9536,无物业管理服务,-,辽宁,0,二手房,-
无门店信息,大连,暂无信息,开发区,20190318,34.52713835999158,118.76812980670795,亿佳府,1,5131,无物业管理服务,-,辽宁,0,二手房,-
无门店信息,大连,暂无信息,旅顺口,20190318,34.52713835999158,118.76812980670795,開世嘉年一期,1,9645,天津市港湾物业管理有限公司大连分公司,-,辽宁,0,二手房,-
无门店信息,大连,暂无信息,金州,20190318,34.52713835999158,118.76812980670795,裕景家园,1,5934,街道办事处（居委会）代管物业,-,辽宁,0,二手房,-
大连市金州区友谊街道南金华城25号1-2层1号,大连,暂无信息,金州,20190318,39.128677228885614,121.71356109978767,金连公寓,4,7209,无物业管理服务,-,辽宁,0,二手房,-
无门店信息,大连,暂无信息,金州,20190318,34.52713835999158,118.76812980670795,金滩,1,9635,暂无信息,-,辽宁,0,二手房,-
无门店信息,大连,暂无信息,金州,20190318,34.52713835999158,118.76812980670795,金秀园,2,6706,暂无信息,-,辽宁,0,二手房,-
无门店信息,大连,暂无信息,金州,20190318,34.52713835999158,118.76812980670795,红堡山海园,2,15121,无物业管理服务,-,辽宁,0,二手房,2000
无门店信息,大连,暂无信息,金州,20190318,34.52713835999158,118.76812980670795,圣荷园,1,14452,暂无信息,-,辽宁,0,二手房,-
无门店信息,大连,暂无信息,甘井子,20190318,34.52713835999158,118.76812980670795,中盛一带山河,2,9655,无物业管理服务,-,辽宁,0,二手房,-
中山区安居巷7号,大连,暂无信息,西岗,20190318,38.900436431991984,121.67796628922625,连居胡同（胜利桥北商圈）,2,12487,无物业管理服务,-,辽宁,0,二手房,1986
无门店信息,大连,暂无信息,金州,20190318,34.52713835999158,118.76812980670795,红塔小区,1,6775,无物业管理服务,-,辽宁,0,二手房,1998
中山区安居巷7号,大连,暂无信息,西岗,20190318,38.900436431991984,121.67796628922625,忠诚巷（胜利桥北商圈）,1,11536,暂无信息,-,辽宁,0,二手房,1994
中山区金城街26号一楼,大连,暂无信息,中山,20190318,38.922282529515634,121.65214466263014,正大巷,1,21470,暂无信息,-,辽宁,0,二手房,-
开发区金源南里14栋-11号一层部分，14号-12号一层部分,大连,暂无信息,开发区,20190318,39.06148997014026,121.82510513314875,瑞景园,2,7444,暂无信息,-,辽宁,0,二手房,1998
无门店信息,大连,大连中益置业有限公司,金州,20190318,34.52713835999158,118.76812980670795,海尚金座,7,6269,大连华安物业管理有限公司,1.3,辽宁,0,二手房,2012
无门店信息,大连,暂无信息,甘井子,20190318,34.52713835999158,118.76812980670795,俪泊园小区,4,9105,无物业管理服务,-,辽宁,0,二手房,2000
中山区安居巷7号,大连,无开发商,西岗,20190318,38.900436431991984,121.67796628922625,创造街（胜利桥北商圈）,3,11421,无物业管理服务,-,辽宁,0,二手房,2000
无门店信息,大连,暂无信息,金州,20190318,34.52713835999158,118.76812980670795,九苑小区,38,6136,无物业管理服务,0.5,辽宁,0,二手房,2009
无门店信息,大连,大连东汇合力房地产开发有限公司,金州,20190318,34.52713835999158,118.76812980670795,十三芳里,2,5891,大连添翼物业服务有限公司,0.8,辽宁,0,二手房,-
开发区黄海西路54号,大连,暂无信息,开发区,20190318,39.047714586087785,121.76688238228269,怡海园,1,18438,无物业管理服务,-,辽宁,0,二手房,2001
西岗区平等街21号1层2号,大连,无开发商,西岗,20190318,38.92251066253164,121.63236845125735,宁安大厦,1,10197,大连长春花园物业管理有限公司,0.5,辽宁,0,二手房,2000
中山区中青街87号一单元107,大连,无开发商,中山,20190318,38.90213494248529,121.65806522267005,捷明巷,2,10089,无物业管理服务,-,辽宁,0,二手房,1994
中山区爱华街13号,大连,暂无信息,中山,20190318,38.92541607518685,121.6535728031028,白玉街,2,13512,无物业管理服务,-,辽宁,0,二手房,1996
中山区安居巷7号,大连,无开发商,西岗,20190318,38.900436431991984,121.67796628922625,上海路（胜利桥北）,2,10423,无物业管理服务,-,辽宁,0,二手房,1995
西岗区平等街21号1层2号,大连,无开发商,西岗,20190318,38.92251066253164,121.63236845125735,新成巷（大菜市商圈）,10,12394,街道办事处（居委会）代管物业,0.5,辽宁,0,二手房,-
西岗区八一路196号2-1-12号,大连,暂无信息,西岗,20190318,38.89127420834314,121.6483201412943,八一路（新起屯商圈）,1,12290,无物业管理服务,-,辽宁,0,二手房,1995
无门店信息,大连,大连中拥房地产开发有限公司,旅顺口,20190318,34.52713835999158,118.76812980670795,中拥蓝天下,2,9633,第一太平戴维斯物业顾问（北京）有限公司大连分公司,1.9,辽宁,0,二手房,2011
无门店信息,大连,平谷地产发展（大连）有限公司,金州,20190318,34.52713835999158,118.76812980670795,平谷蓝熙庭,13,8149,平谷物业服务(大连)有限公司,1.8,辽宁,0,二手房,2013
沙河口区锦石路8号,大连,大连锦绣房地产开发有限公司,沙河口,20190318,38.94771288948481,121.56110903658733,锦文街,2,11130,大连锦绣物业管理有限公司,0.3,辽宁,0,二手房,1997
西岗区康平街2号（5号楼3-1-3号）,大连,暂无信息,西岗,20190318,38.91044414697888,121.61980769264477,34中长春路,5,28543,无物业管理服务,-,辽宁,0,二手房,1995
甘井子区甘井子路32号楼1单元1楼9号,大连,暂无信息,甘井子,20190318,38.982488275116516,121.63345389253514,锦联樱花园,3,11626,街道办事处（居委会）代管物业,0.5,辽宁,0,二手房,2010
莲花山路89-3号,大连,无开发商,西岗,20190318,38.90273559371702,121.6046814926709,云峰巷,3,10129,无物业管理服务,-,辽宁,0,二手房,1991
莲花山路89-3号,大连,暂无信息,西岗,20190318,38.90273559371702,121.6046814926709,动力街区,2,18622,暂无信息,-,辽宁,0,二手房,-
莲花山路89-3号,大连,暂无信息,沙河口,20190318,38.90273559371702,121.6046814926709,万岁街,2,15705,街道办事处（居委会）代管物业,-,辽宁,0,二手房,-
西岗区胜利路33号,大连,暂无信息,西岗,20190318,38.91309771954841,121.62500886627636,34中云山街,1,36670,暂无信息,-,辽宁,0,二手房,1990
无门店信息,大连,暂无信息,开发区,20190318,34.52713835999158,118.76812980670795,圣地秋实,1,6528,暂无信息,-,辽宁,0,二手房,-
沙河口区长江路738号,大连,暂无信息,西岗,20190318,38.92379936592553,121.61207696256155,21中鞍山路,12,21645,无物业管理服务,-,辽宁,0,二手房,1990
西岗区长春路334号,大连,暂无信息,西岗,20190318,38.89807766522607,121.63221082858387,新闻巷,1,9879,无物业管理服务,-,辽宁,0,二手房,1989
无门店信息,大连,暂无信息,中山,20190318,34.52713835999158,118.76812980670795,华侨别墅,3,26800,暂无信息,-,辽宁,0,二手房,-
中山区安居巷7号,大连,无开发商,中山,20190318,38.900436431991984,121.67796628922625,邮电公寓,4,10830,无物业管理服务,-,辽宁,0,二手房,1999
西岗区长春路334号,大连,无开发商,西岗,20190318,38.89807766522607,121.63221082858387,迎春四巷,3,9779,无物业管理服务,-,辽宁,0,二手房,1995
大连市金州区友谊街道南金华城25号1-2层1号,大连,无开发商,金州,20190318,39.128677228885614,121.71356109978767,金园新村,19,7208,大连金州友谊物业公司,0.5,辽宁,0,二手房,2004
甘井子区华东路33-5号,大连,暂无信息,甘井子,20190318,38.97497080220593,121.59479866243332,同德路,4,18423,无物业管理服务,-,辽宁,0,二手房,1997
中山区北斗街53号1层1号,大连,大连万达房地产开发有限公司,中山,20190318,38.92727355733075,121.67002970974048,万达公馆2号,7,23558,大连万达物业管理有限公司,5.9,辽宁,0,二手房,2013
开发区松苑街23号,大连,大连开建房地产开发有限公司,开发区,20190318,22.52087710763645,113.40156104777168,开建海景南苑,5,14527,大连万佳物业管理有限公司,1.2,辽宁,0,二手房,2002
金州区小平岛B组团4号楼3号商铺,大连,暂无信息,高新园区,20190318,39.2986190718601,121.95658248043723,泊岸观邸,7,20837,无物业管理服务,-,辽宁,0,二手房,1998
无门店信息,大连,大连恒金房地产开发有限公司,金州,20190318,34.52713835999158,118.76812980670795,恒基碧桂园金石滩,29,13067,广东碧桂园物业服务有限公司大连分公司,2.3,辽宁,0,二手房,2015
西岗区新田巷11号三单元103,大连,无开发商,西岗,20190318,38.89276612016956,121.64190731791966,新林东巷,11,9497,无物业管理服务,-,辽宁,0,二手房,1992
西岗区新田巷27号1-2,大连,暂无信息,西岗,20190318,38.893215932589385,121.64103065169111,仲夏村,1,21260,无物业管理服务,-,辽宁,0,二手房,2000
中山区同心街72号1楼公建,大连,大连城达房地产开发有限公司,中山,20190318,38.91979245940674,121.64769198230202,凯宾尊爵,2,28297,凯宾斯基酒店物业管理有限公司,4,辽宁,0,二手房,2016
中山区三八广场5号,大连,暂无信息,中山,20190318,38.92540000551715,121.6642911149562,大众街,2,12155,无物业管理服务,-,辽宁,0,二手房,1998
无门店信息,大连,暂无信息,旅顺口,20190318,34.52713835999158,118.76812980670795,亿达蓝湾,25,14323,亿达物业管理有限公司,2.3,辽宁,0,二手房,-
沙河口区锦江园30号1层公建,大连,大连锦绣房地产开发有限公司,沙河口,20190318,38.921778341674376,121.58261780680284,锦绣路,2,11847,大连锦绣物业管理有限公司,0.3,辽宁,0,二手房,1999
无门店信息,大连,无开发商,西岗,20190318,34.52713835999158,118.76812980670795,维多利亚庄园,4,35600,大连金地物业管理有限公司,4,辽宁,0,二手房,2000
中山区职工街96号1-3层公建,大连,大连安达房地产开发有限公司,中山,20190318,38.92565613737007,121.66193575790903,安达商务大厦,4,9624,大连宏苑物业管理有限公司,12,辽宁,0,二手房,2005
中山区北斗街53号1层1号,大连,大连万达房地产开发有限公司,中山,20190318,38.92727355733075,121.67002970974048,万达公馆1号,7,29694,大连万达物业管理有限公司,5.9,辽宁,0,二手房,2011
大连市甘井子区柳林园8-7号,大连,大连西成房地产开发有限公司,甘井子,20190318,38.91290525308349,121.47673750074993,恒大檀溪郡,13,13825,金碧物业有限公司大连分公司,2.4,辽宁,0,二手房,2016
西岗区新田巷27号1-2,大连,无开发商,西岗,20190318,38.893215932589385,121.64103065169111,新秀街（新起屯商圈）,3,10708,无物业管理服务,-,辽宁,0,二手房,1992
无门店信息,大连,大连琥珀湾开发有限公司,中山,20190318,34.52713835999158,118.76812980670795,琥珀湾,1,25515,百年城物业,6.9,辽宁,0,二手房,2016
西岗区长春路334号,大连,无开发商,西岗,20190318,38.89807766522607,121.63221082858387,桥东巷,8,12054,无物业管理服务,-,辽宁,0,二手房,1995
无门店信息,大连,大连保利滨港房地产开发有限公司,旅顺口,20190318,34.52713835999158,118.76812980670795,保利西海岸,4,5442,保利物业服务有限公司,1.6,辽宁,0,二手房,2012
甘井子区泉水B5区27-9,大连,大连万锦房地产开发有限公司,甘井子,20190318,39.014833760509994,121.60955220395961,万锦民悦一期,16,13073,大连瑞祥物业管理有限公司,0.5,辽宁,0,二手房,2007
沙河口区西南路40号楼,大连,无开发商,沙河口,20190318,38.94141605900714,121.58612100465703,西连街,1,12783,无物业管理服务,-,辽宁,0,二手房,1992
大连市金州区友谊街道南金华城25号1-2层1号,大连,大连远城置业有限公司,金州,20190318,39.128677228885614,121.71356109978767,玉兰花园,9,15563,绿城物业服务集团有限公司大连分公司,0.1,辽宁,0,二手房,2010
中山区北斗街53号1层1号,大连,无开发商,中山,20190318,38.92727355733075,121.67002970974048,鲁迅路（二七商圈）,6,12382,无物业管理服务,-,辽宁,0,二手房,1999
中山区东港龙湖水晶郦湾7-102,大连,大连万隆房地产开发有限公司,中山,20190318,38.924700620463895,121.70344398518496,万隆托斯卡纳,12,35755,大连豪之英物业管理有限公司,3.9,辽宁,0,二手房,2009
无门店信息,大连,大连辽渔建设集团有限公司,甘井子,20190318,34.52713835999158,118.76812980670795,宇圣明珠,2,10412,大连辽渔物业管理有限公司,0.8,辽宁,0,二手房,2013
甘井子区海口路77—5号,大连,暂无信息,甘井子,20190318,38.960286398428124,121.60305183172997,悦景轩,2,21884,街道办事处（居委会）代管物业,0.5,辽宁,0,二手房,2014
西岗区长春路334号,大连,无开发商,西岗,20190318,38.89807766522607,121.63221082858387,迎春三巷,1,13839,无物业管理服务,-,辽宁,0,二手房,1989
大连市开发区抚顺街30号,大连,无开发商,开发区,20190318,38.92272284555705,121.5977239817503,金海楼苑,4,24525,大连经济技术开发区日新物业管理有限公司,1,辽宁,0,二手房,2004
莲花山路89-3号,大连,暂无信息,沙河口,20190318,38.90273559371702,121.6046814926709,美丽巷,2,12518,无物业管理服务,-,辽宁,0,二手房,-
无门店信息,大连,恒力地产（大连）有限公司,中山,20190318,34.52713835999158,118.76812980670795,维多利亚公馆,1,24573,恒力地产（大连）有限公司,4.5,辽宁,0,二手房,2015
西岗区中山路158号唐山街市场外14号,大连,暂无信息,西岗,20190318,38.91835355789945,121.63274981188985,34中唐山街,8,27875,无物业管理服务,0.1,辽宁,0,二手房,1992
中山区民运巷 47号1层2号,大连,大连新型房地产开发有限公司,中山,20190318,38.905955122300846,121.64798148011702,石葵路,6,11436,无物业管理服务,0.5,辽宁,0,二手房,1992
大连市甘井子区七贤路8-3号,大连,大连亿海房地产开发有限公司,高新园区,20190318,38.86659077085588,121.5392980566355,亿海贤府,9,23378,大连亿海企业集团有限公司,3.3,辽宁,0,二手房,2017
中山区中南路226号,大连,大连华亿投资发展有限公司,中山,20190318,38.90029610333926,121.68178899957817,华亿明城,8,9064,大连珍城物业管理有限公司,1.8,辽宁,0,二手房,2011
无门店信息,大连,无开发商,西岗,20190318,34.52713835999158,118.76812980670795,顺达海滨花园,2,28594,大连金田联义地产物业发展有限公司,0.5,辽宁,0,二手房,1999
无门店信息,大连,大连梓金发展有限公司,旅顺口,20190318,34.52713835999158,118.76812980670795,中铁春风十里,1,13815,大连中铁诺德物业服务有限公司旅顺分公司,1.8,辽宁,0,二手房,2015
大连市甘井子区银田北园14号,大连,大连亿达房地产股份有限公司,甘井子,20190318,38.9742441034389,121.47189841879823,亿达春田留庄,17,26729,亿达物业管理有限公司,4.5,辽宁,0,二手房,2015
沙河口区民权街324号,大连,大连天河房地产开发集团有限公司,沙河口,20190318,38.92064616208148,121.59777611850379,天河公寓,4,12460,大连千盛物业管理有限公司,0.3,辽宁,0,二手房,1995
沙河口区星海广场B3区14-2号1层,大连,大连一方地产有限公司,沙河口,20190318,38.88693148294673,121.58735631267305,一方公馆,8,48362,大连一方物业管理有限公司,7.8,辽宁,0,二手房,2011
大连市甘井子中华路街道汇畅街48号,大连,大连银城房地产开发有限公司,甘井子,20190318,39.00552323996268,121.59684207363269,融汇银城,1,9635,银城地产,2,辽宁,0,二手房,2016
沙河口区兰田街33号,大连,大连合金房地产开发有限公司,沙河口,20190318,38.926138912221084,121.56486022834609,万合新街坊,1,34304,大连佳宜物业管理有限公司,1.8,辽宁,0,二手房,2013
无门店信息,大连,大连屹辰置业有限公司,甘井子,20190318,34.52713835999158,118.76812980670795,屹辰优生活,31,14155,大连三和住邦物业管理有限公司,1.6,辽宁,0,二手房,2017
中山区华乐街107-115号1单元1层2号,大连,大连复城置业有限公司,中山,20190318,38.92093821499401,121.68879267531725,星光耀广场,10,23414,上海复瑞物业管理有限公司大连分公司,4.8,辽宁,0,二手房,2015
甘井子区虹港路16号楼1层公建,大连,大连祥盛房屋开发有限公司,甘井子,20190318,38.96457808198196,121.55421052098279,祥和新家园,7,15891,大连东特祥禾物业管理有限公司,0.5,辽宁,0,二手房,2002
无门店信息,大连,大连新都会置业有限公司,甘井子,20190318,34.52713835999158,118.76812980670795,万科新都会,3,24375,大连万科物业服务有限公司,2.9,辽宁,0,二手房,2018
中山区金城街26号一楼,大连,无开发商,中山,20190318,38.922282529515634,121.65214466263014,九中解放街,1,47904,无物业管理服务,-,辽宁,0,二手房,1992
开发区红梅小区19栋-2-1-1号,大连,无开发商,开发区,20190318,29.906498897603264,121.5913630631805,官厅公寓,2,18030,街道办事处（居委会）代管物业,0.5,辽宁,0,二手房,2005
甘井子金地艺境博艺西园2-1号,大连,大连天盛房地产开发有限公司,甘井子,20190318,39.04402110608829,121.665484498555,金地檀境,24,15575,大连金地物业管理有限公司,2.6,辽宁,0,二手房,2016
开发区红梅小区19栋-2-1-1号,大连,齐化房地产,开发区,20190318,29.906498897603264,121.5913630631805,齐化家园,7,11755,大连齐化物业管理公司,0.5,辽宁,0,二手房,2000
中山区金城街26号一楼,大连,无开发商,中山,20190318,38.922282529515634,121.65214466263014,39中金鼎公寓,2,18721,无物业管理服务,-,辽宁,0,二手房,1999
沙河口区黑石礁街5号1层1号,大连,无开发商,沙河口,20190318,38.879813345473714,121.56313742300513,明珠街,3,20735,无物业管理服务,-,辽宁,0,二手房,2002
中山区东港龙湖水晶郦湾7-102,大连,恒大集团,中山,20190318,38.924700620463895,121.70344398518496,恒大四季上东,3,27074,金碧物业有限公司大连分公司,3.8,辽宁,0,二手房,2015
沙河口区联合路133号,大连,暂无信息,沙河口,20190318,38.91608561262676,121.60480987310456,21中天兴花园三期,1,19436,大连万泰物业管理有限公司,0.8,辽宁,0,二手房,1998
中山区益民街16号1层1号,大连,大连铁路房地产开发有限责任公司,中山,20190318,38.93092761298906,121.66470740073377,港湾隽景,5,16293,大连万科物业服务有限公司,2.4,辽宁,0,二手房,2015
中山区中南路226号,大连,大连亿成房屋开发有限公司,中山,20190318,38.90029610333926,121.68178899957817,亿成花园,3,14523,大连维尔利物业管理有限公司,0.8,辽宁,0,二手房,2000
沙河口区富民路249号,大连,大连浩胜房地产开发有限公司,沙河口,20190318,38.93341510428133,121.5770130002514,万棵树,14,21222,大连华安物业管理有限公司,2.1,辽宁,0,二手房,2016
莲花山路89-3号,大连,大连大明房地产控股有限公司,沙河口,20190318,38.90273559371702,121.6046814926709,万科半山半海,3,23328,大连万科物业服务有限公司,3.9,辽宁,0,二手房,2016
沙河口区富静街26号1单元1层5号,大连,大连大重房屋开发有限公司,沙河口,20190318,38.908727606250466,121.58667844684369,星河璞园,1,18388,大连大重房屋开发公司物业管理中心,0.5,辽宁,0,二手房,2002
高新园区海苑街36号1单元2号公建,大连,大连宜兴房地产开发有限公司,高新园区,20190318,20.06392317589085,110.32302599457326,华兴尚园,7,19531,大连金华兴物业有限公司,1,辽宁,0,二手房,2008
大连市沙河口区西南路875号1层21号,大连,大连润德良城房地产开发有限公司,沙河口,20190318,38.94485969061231,121.58418648447764,春柳公园,9,22606,香港瑞安斯特物业公司,2.9,辽宁,0,二手房,2016
中山区解放路471-22号,大连,大连青云天下房地产有限公司,中山,20190318,38.90018683040924,121.65457658465141,青云天下,12,25703,大连青云天下物业服务有限公司,4.3,辽宁,0,二手房,2018
西岗区黄河路82号,大连,大连富泰房地产开发有限公司,西岗,20190318,38.92243503020161,121.6287927913896,悦泰福里,22,21981,大连百安物业管理有限公司,2.8,辽宁,0,二手房,2014
岭前街53-5,大连,大连市桃源雅居房地产开发有限公司,中山,20190318,38.89487069426055,121.65795959631497,桃源雅居,3,19393,大连远洋基业物业管理有限公司,1,辽宁,0,二手房,2010
中山区益民街16号1层1号,大连,大连良运房地产开发有限公司,中山,20190318,38.93092761298906,121.66470740073377,良运花园,2,16607,大连良运物业管理有限公司,1.2,辽宁,0,二手房,2001
西岗区长红街4号1号公建,大连,大连丰源房地产开发有限公司,西岗,20190318,38.91377414665191,121.6302525225721,丰源小区,18,22081,大连广安物业有限公司,0.5,辽宁,0,二手房,1997
甘井子区西南路979-7号公建,大连,大连圣元房地产开发有限公司,甘井子,20190318,38.96275592929325,121.5958698791777,亿达梧桐路,24,23268,亿达物业管理有限公司,1.5,辽宁,0,二手房,2010
中山区共建巷61号,大连,辽宁外贸有限公司,中山,20190318,38.91828093658718,121.66259221532148,39中南山花园,7,23060,渤海花园物业管理有限公司,3.5,辽宁,0,二手房,1998
大连市金州新区中长街道碧海尚城5-4号1-2层,大连,暂无信息,金州,20190318,39.1001690968934,121.73061017121415,富达小区,2,7136,无物业管理服务,-,辽宁,1,二手房,1998
西岗区胜利路33号,大连,大连万达房地产开发有限公司,西岗,20190318,38.91309771954841,121.62500886627636,水仙花园(西岗),6,30210,大连万佳物业管理有限公司,1.2,辽宁,0,二手房,2002
中山区华乐街93—1号,大连,大连鸿雁房地产开发公司,中山,20190318,38.921950924512124,121.68673151242629,海之恋花园,16,16724,大连鸿雁物业有限公司,0.8,辽宁,0,二手房,2001
西岗区胜利路33号,大连,大连渤海红旗集团有限公司,西岗,20190318,38.91309771954841,121.62500886627636,金领公寓,6,23021,大连达冈物业管理有限公司,0.6,辽宁,0,二手房,2002
无门店信息,大连,大连树源世嘉房地产开发有限公司,金州,20190318,34.52713835999158,118.76812980670795,龙山小区,18,6179,民盛集团物业管理有限公司,0.5,辽宁,1,二手房,2000
大连市金州新区友谊街道和平路59-10号1-2层公建,大连,无开发商,金州,20190318,39.112168401852266,121.72006917947859,新金州大厦,0,7770,街道办事处（居委会）代管物业,0.5,辽宁,1,二手房,2006
金州区同济路44号,大连,暂无信息,金州,20190318,39.10476859984152,121.71234684495865,阿尔滨家属楼,9,6985,无物业管理服务,-,辽宁,1,二手房,1998
金州区拥政街道733号-8号1-2层,大连,暂无信息,金州,20190318,39.11690610445662,121.73030803603723,八一花园,8,7263,暂无信息,-,辽宁,1,二手房,2000
甘井子区迎客路郭东街一品蓝天公建14号,大连,暂无信息,甘井子,20190318,38.958456949708726,121.556756277476,军休家园,1,11011,无物业管理服务,-,辽宁,1,二手房,1995
中山区武昌街武昌公寓6号公建,大连,暂无信息,中山,20190318,38.912280913445784,121.64921130527547,吉利巷,3,10627,无物业管理服务,-,辽宁,1,二手房,1980
岭前街53-5,大连,无开发商,中山,20190318,38.89487069426055,121.65795959631497,连胜巷,0,9858,无物业管理服务,-,辽宁,1,二手房,1990
金州区先进街道渤海街1-4号1-2层,大连,暂无信息,金州,20190318,39.09512910553563,121.74578812616167,金州东山小区,7,6447,街道办事处（居委会）代管物业,0.1,辽宁,1,二手房,1993
开发区润海园中区62-9,大连,暂无信息,开发区,20190318,39.04047273176333,121.76392358042445,大连海湾城四期,20,12584,大连金广物业服务有限公司,3,辽宁,1,二手房,2017
金州新区先进街道五一路350-1号1-2层,大连,无开发商,金州,20190318,39.095023587156554,121.74333264248519,金星公寓,15,6035,街道办事处（居委会）代管物业,0.5,辽宁,1,二手房,2000
西岗区绕山路31号公建一层东侧,大连,暂无信息,沙河口,20190318,38.90257514466717,121.61412736644739,山庄南二巷,4,11410,暂无信息,-,辽宁,1,二手房,1990
金州新区先进街道渤海街7-4号1-2层、7-3号1-2层,大连,无开发商,金州,20190318,39.09342713035472,121.74590886291374,金安小区,12,6267,街道办事处（居委会）代管物业,0.1,辽宁,1,二手房,2001
中山区安居巷7号,大连,无开发商,中山,20190318,38.900436431991984,121.67796628922625,长江路（中山友好商圈）,1,10480,无物业管理服务,-,辽宁,1,二手房,1990
大连市金州新区友谊街道和平路59-10号1-2层公建,大连,无开发商,金州,20190318,39.112168401852266,121.72006917947859,一农机小区,29,8266,街道办事处（居委会）代管物业,0.5,辽宁,1,二手房,1996
西岗区绕山路31号公建一层东侧,大连,无开发商,西岗,20190318,38.90257514466717,121.61412736644739,山庄北一街,0,9457,无物业管理服务,-,辽宁,1,二手房,1990
金州区南棉路310号,大连,暂无信息,金州,20190318,39.09939229372624,121.72414976100345,金乾公馆,7,8227,无物业管理服务,-,辽宁,1,二手房,-
中山区解放路471-22号,大连,大连长策房屋开发有限公司,中山,20190318,38.90018683040924,121.65457658465141,捷山街（青云街商圈）,5,11949,无物业管理服务,0.5,辽宁,1,二手房,1992
金州区南棉路310号,大连,无开发商,金州,20190318,39.09939229372624,121.72414976100345,拥军小区,29,6836,无物业管理服务,-,辽宁,1,二手房,1994
中山区民运巷 47号1层2号,大连,无开发商,中山,20190318,38.905955122300846,121.64798148011702,教育二巷,5,9993,无物业管理服务,-,辽宁,1,二手房,1977
金州新区八一路金都嘉园1号楼1号公建,大连,暂无信息,金州,20190318,39.05525210261778,121.74865634199398,八一路小区,18,6874,街道办事处（居委会）代管物业,0.5,辽宁,1,二手房,1993
中山区安居巷7号,大连,无开发商,西岗,20190318,38.900436431991984,121.67796628922625,先进街（胜利桥北商圈）,7,10415,无物业管理服务,-,辽宁,1,二手房,1990
西岗区长春路334号,大连,无开发商,西岗,20190318,38.89807766522607,121.63221082858387,西峰巷,3,10188,无物业管理服务,-,辽宁,1,二手房,1990
中山区岭前街53-5,大连,无开发商,西岗,20190318,38.89487069426055,121.65795959631497,文化街（青云街商圈）,1,9452,无物业管理服务,-,辽宁,1,二手房,1985
西岗区绕山路31号公建一层东侧,大连,无开发商,西岗,20190318,38.90257514466717,121.61412736644739,山庄南一街,9,11002,无物业管理服务,-,辽宁,1,二手房,1991
中山区岭前街53-5,大连,无开发商,西岗,20190318,38.89487069426055,121.65795959631497,光风街,1,10250,无物业管理服务,-,辽宁,1,二手房,1993
沙河口区前程街15号1层E-C轴36-44轴公建,大连,无开发商,甘井子,20190318,38.921778341674376,121.58261780680284,顺河巷,0,12442,无物业管理服务,-,辽宁,1,二手房,1989
中山区安居巷7号,大连,暂无信息,中山,20190318,38.900436431991984,121.67796628922625,安居巷,3,10926,暂无信息,-,辽宁,1,二手房,1990
中山区金城街26号一楼,大连,暂无信息,中山,20190318,38.922282529515634,121.65214466263014,双合巷（中山友好商圈）,1,14858,暂无信息,-,辽宁,1,二手房,1987
中山区解放路604号,大连,无开发商,中山,20190318,38.89026319122045,121.66407876092346,广智巷,1,13983,无物业管理服务,-,辽宁,1,二手房,1996
金州新区八一路金都嘉园1号楼1号公建,大连,大连兴悦房地产有限公司,金州,20190318,39.05525210261778,121.74865634199398,悦泰祥里,7,7226,大连百安物业管理有限公司,0.8,辽宁,1,二手房,2010
开发区东北三街94号1层,大连,宏基公司,开发区,20190318,39.05723508011585,121.80570768630555,新领地公寓,29,5479,街道办事处（居委会）代管物业,1.3,辽宁,1,二手房,2010
大连市沙河口区西南路875号1层21号,大连,暂无信息,沙河口,20190318,38.94485969061231,121.58418648447764,凌云街,5,12555,无物业管理服务,-,辽宁,1,二手房,1999
西岗区平等街21号1层2号,大连,无开发商,西岗,20190318,38.92251066253164,121.63236845125735,连平街（大菜市商圈）,3,14004,街道办事处（居委会）代管物业,0.5,辽宁,1,二手房,1995
无门店信息,大连,大连莱茵海岸度假村有限公司,金州,20190318,34.52713835999158,118.76812980670795,万恒天籁湾,23,8082,大连万恒物业管理有限公司,1.9,辽宁,1,二手房,2010
西岗区康平街2号（5号楼3-1-3号）,大连,暂无信息,西岗,20190318,38.91044414697888,121.61980769264477,纪念街(唐山街商圈),3,10767,无物业管理服务,-,辽宁,1,二手房,1990
甘井子区千山路66号楼2单元1楼2号,大连,暂无信息,甘井子,20190318,38.985716774397915,121.58287796391829,蓝天小区,6,11247,大连新华物业管理有限公司,-,辽宁,1,二手房,1993
沙河口区西南路851号3单元1层3号,大连,暂无信息,沙河口,20190318,38.94344210837944,121.58246796944378,凌山三街,3,11325,无物业管理服务,-,辽宁,1,二手房,-
大连市开发区抚顺街30号,大连,无开发商,开发区,20190318,38.92272284555705,121.5977239817503,佳地外商公寓,2,9776,大连豪景酒店物业管理有限公司,0.9,辽宁,1,二手房,2006
甘井子区虹港路391号第五幢1单元1跃2层3号,大连,暂无信息,甘井子,20190318,38.96606635942528,121.53201387432493,商务学院,13,12641,亿达物业管理有限公司,0.5,辽宁,1,二手房,1996
西岗区长春路334号,大连,无开发商,西岗,20190318,38.89807766522607,121.63221082858387,新金巷,1,9812,无物业管理服务,-,辽宁,1,二手房,1999
中山区安居巷7号,大连,无开发商,西岗,20190318,38.900436431991984,121.67796628922625,胜利街（胜利桥北商圈）,6,11109,无物业管理服务,-,辽宁,1,二手房,1984
金州区先进街道渤海街1-4号1-2层,大连,无开发商,金州,20190318,39.09512910553563,121.74578812616167,金星小区,18,7802,街道办事处（居委会）代管物业,0.1,辽宁,1,二手房,1993
中山区民运巷 47号1层2号,大连,无开发商,中山,20190318,38.905955122300846,121.64798148011702,阳春巷,9,10540,无物业管理服务,-,辽宁,1,二手房,1980
金州区先进街道渤海街1-4号1-2层,大连,无开发商,金州,20190318,39.09512910553563,121.74578812616167,金州东山路小区,12,6921,无物业管理服务,0.1,辽宁,1,二手房,1993
无门店信息,大连,大连海昌置地红酒庄园有限公司,金州,20190318,34.52713835999158,118.76812980670795,碧桂园海昌波尔多庄园,9,13975,广东碧桂园物业服务有限公司大连分公司,0.1,辽宁,1,二手房,2010
金州区站前街道盛滨花园B区13号楼2号公建,大连,无开发商,金州,20190318,39.09609011892329,121.7335816409767,金源花园小区,16,6745,街道办事处（居委会）代管物业,0.5,辽宁,1,二手房,1998
无门店信息,大连,大连市中联房地产开发有限公司,金州,20190318,34.52713835999158,118.76812980670795,卧龙园,24,6489,大连健龙物业管理有限公司,0.5,辽宁,1,二手房,2009
西岗区八一路102号,大连,无开发商,西岗,20190318,38.891094924332045,121.65327483516513,智勇东巷,15,9023,无物业管理服务,-,辽宁,1,二手房,1992
西岗区胜利路33号,大连,暂无信息,西岗,20190318,38.91309771954841,121.62500886627636,34中新开路,4,34435,无物业管理服务,-,辽宁,1,二手房,1995
西岗区鞍山路29号龙畔锦城东门,大连,无开发商,西岗,20190318,38.92763470697088,121.61498923399098,双兴北巷（大菜市商圈）,9,10563,街道办事处（居委会）代管物业,0.5,辽宁,1,二手房,1995
金州区光明街道育才街42-6号1-2层,大连,三门振兴房产开发公司,金州,20190318,39.109080894078986,121.7182584929096,育才小区,15,8578,无物业管理服务,-,辽宁,1,二手房,1989
中山区金城街26号一楼,大连,暂无信息,中山,20190318,38.922282529515634,121.65214466263014,延安路,2,23717,无物业管理服务,-,辽宁,1,二手房,1985
中山区解放路604号,大连,无开发商,西岗,20190318,38.89026319122045,121.66407876092346,于家巷,1,13837,街道办事处（居委会）代管物业,0.5,辽宁,1,二手房,1998
中山区解放路471-22号,大连,暂无信息,中山,20190318,38.90018683040924,121.65457658465141,青云公寓,2,8878,暂无信息,-,辽宁,1,二手房,1990
西岗区中山路158号唐山街市场外14号,大连,暂无信息,西岗,20190318,38.91835355789945,121.63274981188985,34中畅通街,5,28661,无物业管理服务,-,辽宁,1,二手房,1980
无门店信息,大连,大连宝泰华置业发展有限公司,金州,20190318,34.52713835999158,118.76812980670795,海天富地,34,12527,大连戴德梁行物业管理有限公司,1.6,辽宁,1,二手房,2012
中山区职工街96号1-3层公建,大连,大连天通房地产开发有限公司,中山,20190318,38.92565613737007,121.66193575790903,天通金融大厦,6,10913,无物业管理服务,-,辽宁,1,二手房,2006
中山区高尚路28-1号,大连,大连华南地产开发有限公司,中山,20190318,38.892673425111305,121.67148833870213,环山街,9,10692,街道办事处（居委会）代管物业,0.5,辽宁,1,二手房,1994
无门店信息,大连,无开发商,开发区,20190318,34.52713835999158,118.76812980670795,嫩江小区,16,6294,街道办事处（居委会）代管物业,0.5,辽宁,1,二手房,1996
西岗区中山路158号唐山街市场外14号,大连,暂无信息,西岗,20190318,38.91835355789945,121.63274981188985,34中保健街,7,23730,无物业管理服务,-,辽宁,1,二手房,1988
金州区五一路先进街道 陶然居2-2,大连,大连昌临房地产开发有限公司,金州,20190318,39.0830973395057,121.7630113583655,昌临家园,14,10218,金碧物业有限公司大连分公司,1.5,辽宁,1,二手房,2015
开发区黄海西路201号107公建,大连,开发区城建局,开发区,20190318,39.04942604506828,121.80126318235419,东阁里,59,6624,大连经济技术开发区海青物业有限公司,0.4,辽宁,1,二手房,1994
金州区金湾路132-2号,大连,无开发商,金州,20190318,39.10269111644727,121.72221060686516,盛兴花苑,9,7577,街道办事处（居委会）代管物业,0.2,辽宁,1,二手房,2003
无门店信息,大连,大连卓源智盛地产有限公司,金州,20190318,34.52713835999158,118.76812980670795,金石城,34,12268,大连卓源物业服务有限公司,2.2,辽宁,1,二手房,2014
中山区鲁迅路184号1层B—A,大连,无开发商,中山,20190318,38.92590875965419,121.67594393403164,春华街,9,11696,无物业管理服务,-,辽宁,1,二手房,1985
中山区金城街26号一楼,大连,无开发商,中山,20190318,38.922282529515634,121.65214466263014,松云街,3,21000,无物业管理服务,-,辽宁,1,二手房,1990
甘井子区玉湖街25号2单元1层3号,大连,暂无信息,甘井子,20190318,38.97626265183615,121.54617349027997,玉水街,5,8723,无物业管理服务,-,辽宁,1,二手房,1988
中山区南山路59号1层4号,大连,暂无信息,中山,20190318,38.91992239075882,121.6479206962747,仁义街（昆明街）,2,15987,暂无信息,-,辽宁,1,二手房,1988
天河路173-2号 华润考拉22号公建,大连,无开发商,甘井子,20190318,23.147151253133927,113.3277313198351,部队干休所,4,14874,街道办事处（居委会）代管物业,0.1,辽宁,1,二手房,1998
无门店信息,大连,暂无信息,金州,20190318,34.52713835999158,118.76812980670795,金石明珠,86,9203,街道办事处（居委会）代管物业,1,辽宁,1,二手房,2009
无门店信息,大连,大连红旗谷置业有限公司,甘井子,20190318,34.52713835999158,118.76812980670795,碧桂园红旗谷,15,20489,广东碧桂园物业服务有限公司大连分公司,5.8,辽宁,1,二手房,2011
金州区先进街道渤海街1-4号1-2层,大连,暂无信息,金州,20190318,39.09512910553563,121.74578812616167,书香苑小区,1,9137,暂无信息,0.5,辽宁,1,二手房,2006
中山区金城街26号一楼,大连,无开发商,中山,20190318,38.922282529515634,121.65214466263014,昆明街（阳光巷）,1,14889,无物业管理服务,-,辽宁,1,二手房,1991
甘井子区华东路33-5号,大连,大连市大钢集团,甘井子,20190318,38.97497080220593,121.59479866243332,同德路（山东路商圈）,0,16345,街道办事处（居委会）代管物业,0.2,辽宁,1,二手房,1977
西岗区八一路102号,大连,无开发商,西岗,20190318,38.891094924332045,121.65327483516513,优秀巷,8,11701,无物业管理服务,-,辽宁,1,二手房,1992
沙河口区西南路851号3单元1层3号,大连,无开发商,沙河口,20190318,38.94344210837944,121.58246796944378,凌山二街,4,11006,无物业管理服务,-,辽宁,1,二手房,1985
西岗区康平街2号（5号楼3-1-3号）,大连,大连星海房屋开发公司,西岗,20190318,38.91044414697888,121.61980769264477,星海商城,5,26696,无物业管理服务,0.5,辽宁,1,二手房,2000
西岗区绕山路31号公建一层东侧,大连,无开发商,西岗,20190318,38.90257514466717,121.61412736644739,彩云路,11,9658,无物业管理服务,-,辽宁,1,二手房,1994
沙河口区五四路207-1-9号,大连,无开发商,沙河口,20190318,38.906488732904506,121.5996637934482,连胜街,8,12929,无物业管理服务,-,辽宁,1,二手房,1999
中山区安居巷7号,大连,无开发商,中山,20190318,38.900436431991984,121.67796628922625,竹青街,0,10328,无物业管理服务,-,辽宁,1,二手房,1999
中山区鲁迅路204号百盛新药特药商店一楼西侧部分,大连,无开发商,中山,20190318,38.92576188797548,121.6771337100355,春生街,4,13794,无物业管理服务,-,辽宁,1,二手房,1995
中山区东港龙湖水晶郦湾7-102,大连,大连广森房地产开发有限公司,中山,20190318,38.924700620463895,121.70344398518496,国合锦府,0,21617,大连国合物业管理有限公司,3,辽宁,1,二手房,2016
中山区中青街87号一单元107,大连,无开发商,中山,20190318,38.90213494248529,121.65806522267005,开春巷,5,12138,无物业管理服务,-,辽宁,1,二手房,1993
开发区黄海西路201号107公建,大连,无开发商,开发区,20190318,39.04942604506828,121.80126318235419,新云里,22,7583,街道办事处（居委会）代管物业,0.5,辽宁,1,二手房,2000
甘井子区促进路30号2-1-1,大连,无开发商,甘井子,20190318,38.954133128707575,121.58355746311207,香周路,4,12137,无物业管理服务,0.1,辽宁,1,二手房,1987
无门店信息,大连,大连外贸集团开发公司,中山,20190318,34.52713835999158,118.76812980670795,山岭巷,7,11883,无物业管理服务,-,辽宁,1,二手房,1994
无门店信息,大连,暂无信息,甘井子,20190318,34.52713835999158,118.76812980670795,周水子广场,1,15045,无物业管理服务,0.5,辽宁,1,二手房,1990
中山区南山路59号1层4号,大连,无开发商,中山,20190318,38.91992239075882,121.6479206962747,中原街（昆明街）,8,15372,无物业管理服务,-,辽宁,1,二手房,1989
无门店信息,大连,暂无信息,开发区,20190318,34.52713835999158,118.76812980670795,山河嘉园,26,6412,无物业管理服务,-,辽宁,1,二手房,2000
金州新区先进街道五一路350-1号1-2层,大连,大连鸿德置业有限公司,金州,20190318,39.095023587156554,121.74333264248519,左岸阳光,14,8234,大连鸿德物业管理有限公司,1.2,辽宁,1,二手房,2014
开发区黄海西路54号,大连,无开发商,开发区,20190318,39.047714586087785,121.76688238228269,大安海韵花园,14,9023,街道办事处（居委会）代管物业,0.3,辽宁,1,二手房,1995
甘井子区祥龙街2号楼1单元1楼1号,大连,大连市大钢集团,甘井子,20190318,38.988045874482445,121.60439401971377,华南沃尔玛六三角,4,10737,街道办事处（居委会）代管物业,0.5,辽宁,1,二手房,1990
中山区山屏街116号1-1,大连,暂无信息,中山,20190318,38.90729438486833,121.68598159980013,干休所,3,13502,街道办事处（居委会）代管物业,0.1,辽宁,1,二手房,1988
中山区民运巷 47号1层2号,大连,无开发商,中山,20190318,38.905955122300846,121.64798148011702,葵英街（武昌街商圈）,9,13532,无物业管理服务,-,辽宁,1,二手房,1990
中山区中青街87号一单元107,大连,无开发商,中山,20190318,38.90213494248529,121.65806522267005,爱华巷,7,12355,无物业管理服务,-,辽宁,1,二手房,1993
中山区虎滩路62号,大连,暂无信息,中山,20190318,38.886587440841225,121.69237728440392,渔人码头,3,22653,街道办事处（居委会）代管物业,-,辽宁,1,二手房,-
无门店信息,大连,大连盈丰置业有限公司,金州,20190318,34.52713835999158,118.76812980670795,尚海华庭,25,8871,大连盈丰置业有限公司,1.3,辽宁,1,二手房,-
西岗区八一路102号,大连,无开发商,西岗,20190318,38.891094924332045,121.65327483516513,群英巷,6,11830,无物业管理服务,-,辽宁,1,二手房,1990
中山区鲁迅路184号1层B—A,大连,无开发商,中山,20190318,38.92590875965419,121.67594393403164,北斗街（寺儿沟商圈）,1,13404,无物业管理服务,-,辽宁,1,二手房,1999
金州区金润小区B区861单元102,大连,暂无信息,金州,20190318,39.10615165380565,121.74639264534615,自然天城C区,28,7415,大连新生活物业管理有限公司,0.4,辽宁,1,二手房,2010
西岗区长春路334号,大连,无开发商,西岗,20190318,38.89807766522607,121.63221082858387,曙光巷,17,10838,无物业管理服务,-,辽宁,1,二手房,1990
中山区民建街10号1单元1号,大连,暂无信息,中山,20190318,38.925444479476894,121.66915026954452,39中港湾街,3,20191,无物业管理服务,-,辽宁,1,二手房,1995
西岗区八一路102号,大连,无开发商,西岗,20190318,38.891094924332045,121.65327483516513,华林巷,0,14151,无物业管理服务,-,辽宁,1,二手房,1990
中山区南山路59号1层4号,大连,无开发商,中山,20190318,38.91992239075882,121.6479206962747,南山路（昆明街商圈）,1,16923,无物业管理服务,-,辽宁,1,二手房,1982
甘井子区华东路33-5号,大连,暂无信息,甘井子,20190318,38.97497080220593,121.59479866243332,小野田,7,12170,大连新华物业管理有限公司,-,辽宁,1,二手房,1993
中山区武昌街武昌公寓6号公建,大连,无开发商,中山,20190318,38.912280913445784,121.64921130527547,葵花街,20,10506,无物业管理服务,-,辽宁,1,二手房,1980
无门店信息,大连,大连海脉房地产开发有限公司,金州,20190318,34.52713835999158,118.76812980670795,海脉未来城,21,8287,大连豪斯威物业管理有限公司,1,辽宁,1,二手房,2013
中山区鲁迅路204号百盛新药特药商店一楼西侧部分,大连,无开发商,中山,20190318,38.92576188797548,121.6771337100355,春德街,8,11281,无物业管理服务,-,辽宁,1,二手房,1995
甘井子区金家街17-7号,大连,暂无信息,甘井子,20190318,38.97493697764367,121.60110987128529,金家街,3,20633,无物业管理服务,-,辽宁,1,二手房,1970
金州新区八一路金都嘉园1号楼1号公建,大连,大连金园房地产开发有限公司,金州,20190318,39.05525210261778,121.74865634199398,金园名城,19,7497,街道办事处（居委会）代管物业,0.5,辽宁,1,二手房,2009
开发区东北三街94号1层,大连,大连新天润企业集团有限公司,开发区,20190318,39.05723508011585,121.80570768630555,天都花园,18,8381,大连银海物业管理有限公司,0.5,辽宁,1,二手房,2002
中山区北斗街53号1层1号,大连,暂无信息,中山,20190318,38.92727355733075,121.67002970974048,太阳街（二七广场）,3,14021,暂无信息,-,辽宁,1,二手房,1996
沙河口区黄河路883号,大连,无开发商,沙河口,20190318,38.919826721475204,121.57749657966676,西南路（辽师商圈）,5,11094,无物业管理服务,-,辽宁,1,二手房,1991
中山区同心街72号1楼公建,大连,无开发商,中山,20190318,38.91979245940674,121.64769198230202,昆明街（五卅街）,6,15082,无物业管理服务,-,辽宁,1,二手房,1991
西岗区九三街64号,大连,大连坚柏房地产开发有限公司,西岗,20190318,38.92094787642578,121.62081970746283,越秀大厦,8,10778,大连越秀大厦物业管理有限公司,4,辽宁,1,二手房,2001
开发区黄海西路201号107公建,大连,暂无信息,开发区,20190318,39.04942604506828,121.80126318235419,樱花别墅,11,8776,无物业管理服务,0.1,辽宁,1,二手房,2006
沙河口区绿清街12号,大连,大连绿波房屋开发集团有限公司,沙河口,20190318,38.93851335419565,121.57334844377094,绿波公寓,2,8931,大连绿波建设发展有限公司,0.5,辽宁,1,二手房,1999
中山区鲁迅路204号百盛新药特药商店一楼西侧部分,大连,无开发商,中山,20190318,38.92576188797548,121.6771337100355,明星街,1,12171,无物业管理服务,-,辽宁,1,二手房,2000
金州区南棉路310号,大连,无开发商,金州,20190318,39.09939229372624,121.72414976100345,阳光家园,10,7697,街道办事处（居委会）代管物业,0.5,辽宁,1,二手房,2009
开发区大开高吉里33栋6号,大连,无开发商,开发区,20190318,39.07355836059941,121.8280439450145,高安里回迁楼,12,7948,大连华宸物业管理有限公司,0.2,辽宁,1,二手房,1998
沙河口区杨树街4—2号,大连,无开发商,高新园区,20190318,38.884391746702505,121.55129818128214,龙江路（学府商圈）,3,13779,无物业管理服务,-,辽宁,1,二手房,1992
甘井子区华东路22号公建,大连,无开发商,甘井子,20190318,38.97736184953593,121.5935814234334,华东路（金三角商圈）,11,11686,无物业管理服务,0.5,辽宁,1,二手房,1995
甘井子区祥龙街2号楼1单元1楼1号,大连,大连市大钢集团,甘井子,20190318,38.988045874482445,121.60439401971377,文星街,20,11705,街道办事处（居委会）代管物业,1,辽宁,1,二手房,1982
西岗区绕山路31号公建一层东侧,大连,无开发商,西岗,20190318,38.90257514466717,121.61412736644739,和云巷,14,9957,无物业管理服务,-,辽宁,1,二手房,1990
无门店信息,大连,暂无信息,旅顺口,20190318,34.52713835999158,118.76812980670795,海珠花园,15,9146,街道办事处（居委会）代管物业,-,辽宁,1,二手房,-
西岗区新田巷11号三单元103,大连,无开发商,西岗,20190318,38.89276612016956,121.64190731791966,新水巷,1,12257,无物业管理服务,-,辽宁,1,二手房,1990
甘井子区甘井子街3号公建,大连,无开发商,甘井子,20190318,38.982086281836246,121.63426694995971,新街,13,9536,无物业管理服务,-,辽宁,1,二手房,1988
开发区杏树里10栋-14,大连,大连经济技术开发区城市建设开发有限公司,开发区,20190318,39.08113818354046,121.78505742127606,杏林山庄三期,12,9323,大连经济技术开发区杏林物业管理有限公司,1,辽宁,1,二手房,2010
中山区华乐街71号公建,大连,大连新型房地产开发有限公司,中山,20190318,38.923187679200566,121.6843197903016,春海街,9,11479,无物业管理服务,-,辽宁,1,二手房,1992
无门店信息,大连,大连开发区世元房地产开发有限公司,开发区,20190318,34.52713835999158,118.76812980670795,世元海都花园,1,13101,龙祥物业管理有限公司,0.8,辽宁,1,二手房,1990
西岗区九三街64号,大连,大连金福星房地产开发有限公司,西岗,20190318,38.92094787642578,121.62081970746283,金福星大厦,4,8830,大连金星物业管理中心,1.9,辽宁,1,二手房,2001
开发区润海园中区62-9,大连,大连金广嘉亿置地有限公司,开发区,20190318,39.04047273176333,121.76392358042445,大连海湾城三期,19,11984,大连金广物业服务有限公司,3,辽宁,1,二手房,2016
金州区同济路44号,大连,大连荣基置业有限公司,金州,20190318,39.10476859984152,121.71234684495865,瑞栢中心,27,11432,大连银帆物业管理有限公司,2,辽宁,1,二手房,2017
无门店信息,大连,无开发商,金州,20190318,34.52713835999158,118.76812980670795,永安四季,37,6943,无物业管理服务,0.5,辽宁,1,二手房,2012
无门店信息,大连,昕德（大连）房地产开发有限公司,金州,20190318,34.52713835999158,118.76812980670795,伟桥金北嘉园,45,7394,街道办事处（居委会）代管物业,0.5,辽宁,1,二手房,2012
中山区解放路471-22号,大连,无开发商,中山,20190318,38.90018683040924,121.65457658465141,友爱街,8,12947,无物业管理服务,-,辽宁,1,二手房,1990
中山区鲁迅路204号百盛新药特药商店一楼西侧部分,大连,无开发商,中山,20190318,38.92576188797548,121.6771337100355,荣泰街,11,12673,无物业管理服务,-,辽宁,1,二手房,1999
甘井子区佳林北园2-7号,大连,大连耕海置业有限公司,甘井子,20190318,38.96331610956877,121.52802328494242,西金公寓,26,9036,大连耕海物业管理有限公司,2,辽宁,1,二手房,2014
无门店信息,大连,暂无信息,开发区,20190318,34.52713835999158,118.76812980670795,山河枫景,23,6148,大连山河物业管理有限公司,1.2,辽宁,1,二手房,2001
开发区杏花里13#楼-7号,大连,大连经济技术开发区城市建设开发有限公司,开发区,20190318,31.31075067906954,120.63127837058457,杏林山庄一期,11,8929,大连经济技术开发区杏林物业管理有限公司,0.8,辽宁,1,二手房,2005
无门店信息,大连,大连光伸房地产开发有限公司,开发区,20190318,34.52713835999158,118.76812980670795,光伸卧龙港湾,20,8999,大连经济技术开发区光伸物业服务有限公司,1.5,辽宁,1,二手房,2015
沙河口区富国街14号1-1-2,大连,无开发商,沙河口,20190318,38.901027106600836,121.59047734850638,星海一街,3,14655,街道办事处（居委会）代管物业,0.5,辽宁,1,二手房,-
中山区职工街96号1-3层公建,大连,无开发商,中山,20190318,38.92565613737007,121.66193575790903,北斗街（三八广场）,8,16481,无物业管理服务,-,辽宁,1,二手房,1993
西岗区胜利路33号,大连,暂无信息,西岗,20190318,38.91309771954841,121.62500886627636,34中果林巷,19,26048,无物业管理服务,-,辽宁,1,二手房,1990
沙河口区西南路358号1—2号,大连,大连城市建设集团有限公司,沙河口,20190318,38.90839654326566,121.56908246905662,台扩小区,8,11427,大连新华物业管理有限公司,0.1,辽宁,1,二手房,1995
西岗区胜利路33号,大连,暂无信息,西岗,20190318,38.91309771954841,121.62500886627636,34中兴民街,11,27310,无物业管理服务,-,辽宁,1,二手房,1970
无门店信息,大连,暂无信息,旅顺口,20190318,34.52713835999158,118.76812980670795,荷塘悦色,20,9139,街道办事处（居委会）代管物业,-,辽宁,1,二手房,-
中山区北斗街53号1层1号,大连,无开发商,中山,20190318,38.92727355733075,121.67002970974048,勤俭街（二七商圈）,5,13038,无物业管理服务,-,辽宁,1,二手房,1995
西岗区八一路102号,大连,无开发商,西岗,20190318,38.891094924332045,121.65327483516513,盛兴巷,0,13243,无物业管理服务,-,辽宁,1,二手房,1990
西岗区鞍山路65-5号,大连,暂无信息,沙河口,20190318,38.92701992456326,121.60258216167713,振工街,2,13046,大连良运物业管理有限公司,1,辽宁,1,二手房,1999
无门店信息,大连,暂无信息,旅顺口,20190318,34.52713835999158,118.76812980670795,龙王塘一号,38,8902,街道办事处（居委会）代管物业,1.2,辽宁,1,二手房,-
大连市开发区抚顺街30号,大连,无开发商,开发区,20190318,38.92272284555705,121.5977239817503,红梅南里,13,9770,街道办事处（居委会）代管物业,0.3,辽宁,1,二手房,1997
开发区红梅小区19栋-2-1-1号,大连,大连新财富中心大厦有限公司,开发区,20190318,29.906498897603264,121.5913630631805,新财富大厦,13,9044,街道办事处（居委会）代管物业,1.5,辽宁,1,二手房,2007
西岗区新田巷27号1-2,大连,无开发商,西岗,20190318,38.893215932589385,121.64103065169111,新月街,14,9885,无物业管理服务,-,辽宁,1,二手房,1996
开发区东北三街94号1层,大连,大连同济房地产开发有限公司,开发区,20190318,39.05723508011585,121.80570768630555,新东方公寓二期,49,5768,大连同济物业管理有限公司,1.5,辽宁,1,二手房,2007
大连市甘井子区丰收路3-5号,大连,暂无信息,甘井子,20190318,38.965377255081755,121.58288415324094,八十中东纬路,34,16738,街道办事处（居委会）代管物业,0.1,辽宁,1,二手房,1985
金州区小平岛B组团4号楼3号商铺,大连,大连圣岛房地产开发有限公司,高新园区,20190318,39.2986190718601,121.95658248043723,小平岛海御,16,16653,大连凯尔富物业管理有限公司,3.5,辽宁,1,二手房,2009
无门店信息,大连,无开发商,西岗,20190318,34.52713835999158,118.76812980670795,付家庄街,13,11311,无物业管理服务,-,辽宁,1,二手房,1990
金州区站前街道盛滨花园B区13号楼2号公建,大连,大连阿尔滨集团房地产开发有限公司,金州,20190318,39.09609011892329,121.7335816409767,盛滨花园B区,43,7544,大连阿尔滨集团物业管理有限公司,0.4,辽宁,1,二手房,2000
金州区同济路44号,大连,大连金州金山房地产开发有限公司,金州,20190318,39.10476859984152,121.71234684495865,金山苑小区,18,8597,大连金山物业管理有限公司,-,辽宁,1,二手房,2000
开发区杏花里13#楼-7号,大连,无开发商,开发区,20190318,31.31075067906954,120.63127837058457,杏花里,59,7100,大连经济技术开发区杏林物业管理有限公司,0.5,辽宁,1,二手房,1993
中山区南山路59号1层4号,大连,无开发商,中山,20190318,38.91992239075882,121.6479206962747,麒麟西巷,16,13006,无物业管理服务,-,辽宁,1,二手房,1990
无门店信息,大连,无开发商,甘井子,20190318,34.52713835999158,118.76812980670795,七星广场,14,8528,街道办事处（居委会）代管物业,0.2,辽宁,1,二手房,1995
中山区山屏街116号1-1,大连,暂无信息,中山,20190318,38.90729438486833,121.68598159980013,山屏美境,5,17413,无物业管理服务,3.5,辽宁,1,二手房,2009
中山区共建巷61号,大连,无开发商,中山,20190318,38.91828093658718,121.66259221532148,五五路（南山商圈）,6,24191,无物业管理服务,-,辽宁,1,二手房,1995
无门店信息,大连,大连鹏辉房地产开发有限公司,甘井子,20190318,34.52713835999158,118.76812980670795,鹏辉新天居一期,12,14611,大连鹏辉物业管理有限公司,0.8,辽宁,1,二手房,2008
西岗区绕山路31号公建一层东侧,大连,无开发商,西岗,20190318,38.90257514466717,121.61412736644739,绕山路,15,10769,无物业管理服务,-,辽宁,1,二手房,1995
中山区民建街10号1单元1号,大连,大连安达房地产开发有限公司,中山,20190318,38.925444479476894,121.66915026954452,39中安达大厦公寓楼,3,17508,大连凯尔富物业管理有限公司,2.8,辽宁,1,二手房,2009
中山区北斗街53号1层1号,大连,大连澳南房屋开发公司,中山,20190318,38.92727355733075,121.67002970974048,文海小区,4,12269,无物业管理服务,-,辽宁,1,二手房,1995
沙河口区星海广场B3区14-9,大连,无开发商,沙河口,20190318,38.887408126588866,121.58732762887982,星海三街,3,12867,街道办事处（居委会）代管物业,0.5,辽宁,1,二手房,-
甘井子区祥龙街2号楼1单元1楼1号,大连,暂无信息,甘井子,20190318,38.988045874482445,121.60439401971377,华南商业大厦,15,9122,暂无信息,1.4,辽宁,1,二手房,2007
开发区大开高吉里33栋6号,大连,无开发商,开发区,20190318,39.07355836059941,121.8280439450145,高吉里,28,6436,广宜物业有限公司,0.2,辽宁,1,二手房,2002
中山区杏林街66—5号,大连,无开发商,中山,20190318,38.9244189768098,121.6630029448549,39中丰阳巷,5,25265,街道办事处（居委会）代管物业,0.5,辽宁,1,二手房,1995
中山区高尚路28-1号,大连,无开发商,中山,20190318,38.892673425111305,121.67148833870213,高洁巷,28,10824,街道办事处（居委会）代管物业,0.5,辽宁,1,二手房,1993
岭前街53-5,大连,无开发商,西岗,20190318,38.89487069426055,121.65795959631497,结合巷,0,13004,无物业管理服务,-,辽宁,1,二手房,1990
中山区华乐街71号公建,大连,无开发商,中山,20190318,38.923187679200566,121.6843197903016,春园里,25,12045,无物业管理服务,-,辽宁,1,二手房,1990
西岗区康平街2号（5号楼3-1-3号）,大连,暂无信息,西岗,20190318,38.91044414697888,121.61980769264477,34中民众街,15,29279,无物业管理服务,-,辽宁,1,二手房,1990
开发区杏树里10栋-14,大连,大连经济技术开发区城市建设开发有限公司,开发区,20190318,39.08113818354046,121.78505742127606,颐馨园,10,8790,大连经济技术开发区杏林物业管理有限公司,0.8,辽宁,1,二手房,2005
西岗区八一路102号,大连,无开发商,西岗,20190318,38.891094924332045,121.65327483516513,鸣鹤西巷,7,11285,无物业管理服务,-,辽宁,1,二手房,2000
大连市金州新区友谊街道和平路59-10号1-2层公建,大连,大连金连房地产开发有限公司,金州,20190318,39.112168401852266,121.72006917947859,金连佳地,23,11053,街道办事处（居委会）代管物业,1.5,辽宁,1,二手房,2010
莲花山路89-3号,大连,无开发商,沙河口,20190318,38.90273559371702,121.6046814926709,拥民巷,4,10902,无物业管理服务,-,辽宁,1,二手房,2000
中山区爱华街13号,大连,暂无信息,中山,20190318,38.92541607518685,121.6535728031028,九中万民街,3,40225,无物业管理服务,-,辽宁,1,二手房,1996
大连市沙河口区黄河路729号,大连,无开发商,沙河口,20190318,38.91710565765228,121.58954758972729,好利高层,5,12031,无物业管理服务,-,辽宁,1,二手房,1995
中山区秀月街37号1层2号,大连,暂无信息,中山,20190318,38.88757907576307,121.66311065527876,秀峰东园,2,14761,社区物业,-,辽宁,1,二手房,1994
中山区安居巷7号,大连,大连修竹房屋开发有限公司,中山,20190318,38.900436431991984,121.67796628922625,修竹大厦,20,14126,大连修竹物业管理有限公司,2.5,辽宁,1,二手房,2004
无门店信息,大连,远洋地产有限公司,金州,20190318,34.52713835999158,118.76812980670795,远洋假日养生庄园,120,9616,大连远洋基业物业管理有限公司,2,辽宁,1,二手房,2013
中山区中青街87号一单元107,大连,无开发商,中山,20190318,38.90213494248529,121.65806522267005,捷凤街,15,9479,无物业管理服务,-,辽宁,1,二手房,1990
中山区北斗街53号1层1号,大连,无开发商,中山,20190318,38.92727355733075,121.67002970974048,丹东街（二七商圈）,6,13624,无物业管理服务,-,辽宁,1,二手房,1990
甘井子区鹏辉新世纪1幢1单元1-3号房屋（海口路99号）,大连,暂无信息,甘井子,20190318,38.96077365187575,121.60514653016222,鹏辉新世纪三期,25,17358,大连鹏辉物业管理有限公司,0.6,辽宁,1,二手房,2003
中山区安居巷7号,大连,大连恒锐房地产开发有限公司,中山,20190318,38.900436431991984,121.67796628922625,悦泰街里,4,15582,大连百安物业管理有限公司,3,辽宁,1,二手房,2012
无门店信息,大连,无开发商,西岗,20190318,34.52713835999158,118.76812980670795,双兴财富长街（大菜市商圈）,35,13573,街道办事处（居委会）代管物业,0.5,辽宁,1,二手房,2004
无门店信息,大连,大连光洋龙驰置业有限公司,开发区,20190318,34.52713835999158,118.76812980670795,泽林苑,13,12372,大连光洋龙驰置业物业有限公司,1.6,辽宁,1,二手房,2015
甘井子区汇达园26号,大连,大连市大钢集团,甘井子,20190318,38.99704654604941,121.59758808878767,华南沃尔玛六平路,14,11829,街道办事处（居委会）代管物业,0.5,辽宁,1,二手房,1990
西岗区长春路334号,大连,暂无信息,西岗,20190318,38.89807766522607,121.63221082858387,天源山庄缘中园,4,10448,大连弘益达物业管理有限公司,0.2,辽宁,1,二手房,2000
甘井子区华东路22号公建,大连,大连金广地产集团有限公司,甘井子,20190318,38.97736184953593,121.5935814234334,华东路（山东路商圈）,16,10660,大连嘉和物业管理有限公司,0.5,辽宁,1,二手房,1990
中山区鲁迅路204号百盛新药特药商店一楼西侧部分,大连,无开发商,中山,20190318,38.92576188797548,121.6771337100355,学士街（寺儿沟商圈）,6,13672,无物业管理服务,-,辽宁,1,二手房,1994
沙河口区连山街10号2-1-2,大连,大连城市建设集团有限公司,沙河口,20190318,38.89637522563413,121.57143690983219,星苑小区,11,11768,大连城建开发集团物业管理有限公司,0.2,辽宁,1,二手房,1994
中山区南山路59号1层4号,大连,无开发商,中山,20190318,38.91992239075882,121.6479206962747,同心街（昆明街）,10,15211,无物业管理服务,-,辽宁,1,二手房,1991
甘井子区迎客路郭东街一品蓝天公建14号,大连,沈阳军区后勤部,甘井子,20190318,38.958456949708726,121.556756277476,虹桥干休所,5,13107,大连虹桥物业管理中心,0.1,辽宁,1,二手房,2000
开发区黄海西路201号107公建,大连,无开发商,开发区,20190318,39.04942604506828,121.80126318235419,倚平里,28,8461,街道办事处（居委会）代管物业,0.5,辽宁,1,二手房,2000
沙河口区星海广场B3区20—3号,大连,大连华奇置业有限公司,沙河口,20190318,38.888054001818844,121.58662952422732,星海旺座,19,14524,大连佳和物业管理有限公司,2.5,辽宁,1,二手房,2005
中山区民建街10号1单元1号,大连,无开发商,中山,20190318,38.925444479476894,121.66915026954452,39中朝阳街,3,18520,无物业管理服务,-,辽宁,1,二手房,1993
大连经济技术开发区同和里7栋-9号,大连,无开发商,开发区,20190318,39.04901984220615,121.7885236929847,绿色家园小区,10,10200,大连经济技术开发区白石物业管理有限公司,0.5,辽宁,1,二手房,2002
沙河口区锦云北园9号2单元1层2号,大连,大连锦绣房地产开发有限公司,沙河口,20190318,38.94836395772248,121.55744845421044,锦云北园,19,9648,大连锦绣物业管理有限公司,0.3,辽宁,1,二手房,1996
大连市甘井子区融田西园52-11,大连,暂无信息,甘井子,20190318,38.95546176066109,121.5285003794903,亿达春田融庄,28,25325,亿达物业管理有限公司,2,辽宁,1,二手房,2011
高新园区凌水路海苑街30号链家地产,大连,大连大有房屋开发有限公司,高新园区,20190318,38.883724627986716,121.51945812605742,大有恬园公寓,14,9660,大连大有恬园物业管理有限公司,1.2,辽宁,1,二手房,2010
甘井子区千山路66号楼2单元1楼2号,大连,大连祥盛房屋开发有限公司,甘井子,20190318,38.985716774397915,121.58287796391829,水彩巷,17,11909,大连新华物业管理有限公司,0.1,辽宁,1,二手房,1999
沙河口区鞍山路65号美都园7号1单元1层4号公建,大连,大连正源房地产开发有限公司,沙河口,20190318,38.92727525772336,121.60296423346817,正源小区,13,11003,大连正源物业服务有限公司,0.3,辽宁,1,二手房,1998
甘井子区红旗中路143号1层4号,大连,暂无信息,甘井子,20190318,38.93169566676921,121.5426632438217,湾家花园,9,11457,街道办事处（居委会）代管物业,0.2,辽宁,1,二手房,2000
甘井子区华北路花锦园28号23-3-1-2建筑物,大连,无开发商,甘井子,20190318,38.951627958411166,121.5739439799003,华北路（甘）,31,15932,街道办事处（居委会）代管物业,0.1,辽宁,1,二手房,1989
中山区武昌街武昌公寓6号公建,大连,无开发商,中山,20190318,38.912280913445784,121.64921130527547,铁山巷,17,11775,无物业管理服务,0.5,辽宁,1,二手房,1990
中山区鲁迅路184号1层B—A,大连,大连环海房地产开发有限公司,中山,20190318,38.92590875965419,121.67594393403164,环海公寓,15,10206,大连富民物业管理有限公司,0.5,辽宁,1,二手房,2002
中山区中南路226号,大连,大连华谊地产房屋有限公司,中山,20190318,38.90029610333926,121.68178899957817,晨光山水,7,14755,大连格林物业管理有限公司,-,辽宁,1,二手房,2004
开发区金源南里14栋-11号一层部分，14号-12号一层部分,大连,无开发商,开发区,20190318,39.06148997014026,121.82510513314875,金苑玉庭小区,9,10273,金州区物业管理有限公司,-,辽宁,1,二手房,2010
中山区同心街72号1楼公建,大连,大连万达房地产开发有限公司,西岗,20190318,38.91979245940674,121.64769198230202,雍景台,9,18117,大连万达物业管理有限公司,3.5,辽宁,1,二手房,2000
开发区高新里6栋-8,大连,无开发商,开发区,20190318,39.0710895068195,121.82860134358343,怡海花园一期,20,7457,街道办事处（居委会）代管物业,0.2,辽宁,1,二手房,2001
甘井子区甘井子路32号楼1单元1楼9号,大连,无开发商,甘井子,20190318,38.982488275116516,121.63345389253514,石油三角地,14,10592,街道办事处（居委会）代管物业,0.2,辽宁,1,二手房,1990
中山区安居巷7号,大连,大连永高房屋开发有限公司,西岗,20190318,38.900436431991984,121.67796628922625,北海胜利公社(宁海街),15,13323,大连永高物业管理有限公司,0.8,辽宁,1,二手房,2005
开发区金源南里14栋-11号一层部分，14号-12号一层部分,大连,大连开建房地产开发有限公司,开发区,20190318,39.06148997014026,121.82510513314875,金北花园小区,29,8306,嘉兴物业管理有限公司,0.3,辽宁,1,二手房,1999
中山区武昌街武昌公寓6号公建,大连,暂无信息,中山,20190318,38.912280913445784,121.64921130527547,39中麒麟东巷,12,25757,暂无信息,-,辽宁,1,二手房,1990
无门店信息,大连,大连西城置业有限公司（万科）,甘井子,20190318,34.52713835999158,118.76812980670795,万科西山天街,8,13530,大连万科物业服务有限公司,2,辽宁,1,二手房,2014
沙河口区成仁街91号,大连,大连城市建设集团有限公司,沙河口,20190318,38.91539947107844,121.59585638842556,79中广荣大厦,5,16882,大连新型物业管理有限公司,1.5,辽宁,1,二手房,2002
大连经济技术开发区同和里7栋-9号,大连,大连城市建设集团有限公司,开发区,20190318,39.04901984220615,121.7885236929847,新日里小区,32,8471,街道办事处（居委会）代管物业,0.5,辽宁,1,二手房,1995
沙河口区中山路552-1-1公建,大连,大连绿城房地产开发有限公司,沙河口,20190318,38.90339064542996,121.593567176308,深蓝中心,28,21883,绿城物业服务集团有限公司大连分公司,4.9,辽宁,1,二手房,2009
西岗区长春路334号,大连,无开发商,西岗,20190318,38.89807766522607,121.63221082858387,长春路（石道街商圈）,13,11205,无物业管理服务,-,辽宁,1,二手房,1989
沙河口区黄河路883号,大连,北方沿海房地产开发（大连）有限公司,沙河口,20190318,38.919826721475204,121.57749657966676,清泉小区,15,10850,无物业管理服务,-,辽宁,1,二手房,1999
开发区松苑街23号,大连,大连众益神州地产开发有限公司,开发区,20190318,22.52087710763645,113.40156104777168,松海庄园一期,6,12703,大连万佳物业管理有限公司,0.5,辽宁,1,二手房,2000
沙河口区连山街10号2-1-2,大连,无开发商,沙河口,20190318,38.89637522563413,121.57143690983219,桃山电业楼,2,12849,无物业管理服务,-,辽宁,1,二手房,1998
甘井子区甘井子街3号公建,大连,无开发商,甘井子,20190318,38.982086281836246,121.63426694995971,北山小区,24,8598,无物业管理服务,0.2,辽宁,1,二手房,1988
甘井子区玉湖街25号2单元1层3号,大连,大连恒峰房地产开发有限公司,甘井子,20190318,38.97626265183615,121.54617349027997,恒峰天泉小镇,5,16308,大连恒新物业管理有限公司,2,辽宁,1,二手房,2017
大连市开发区湾里东5-6号,大连,大连德玉隆房地产开发有限公司,开发区,20190318,39.07275772231556,121.85888789351343,康馨壹品,17,11163,大连亚航物业管理有限公司,1,辽宁,1,二手房,2014
开发区小孤山西里3栋-11号,大连,大连光伸房地产开发有限公司,开发区,20190318,39.02715282297674,121.80682183666346,绿洲半岛二期,17,9116,大连经济技术开发区光伸物业服务有限公司,1,辽宁,1,二手房,2005
甘井子区促进路30号2-1-1,大连,大连大骏达房地产开发有限公司,甘井子,20190318,38.954133128707575,121.58355746311207,骏达绅士花园,3,18461,大连骏达物业管理有限公司,1.7,辽宁,1,二手房,2012
无门店信息,大连,大连安邦房地产开发有限公司,甘井子,20190318,34.52713835999158,118.76812980670795,西郊闲庭,14,12335,大连龙城物业服务有限公司,1,辽宁,1,二手房,2010
中山区中南路226号,大连,大连大业房屋开发有限公司,中山,20190318,38.90029610333926,121.68178899957817,阳光花园二期,9,13492,大连全得利物业管理有限公司,0.5,辽宁,1,二手房,1997
甘井子区玉湖街25号2单元1层3号,大连,大连新型房地产开发有限公司,甘井子,20190318,38.97626265183615,121.54617349027997,书香府第一期,9,11915,大连新兴物业管理有限公司,0.5,辽宁,1,二手房,2002
中山区民建街10号1单元1号,大连,无开发商,中山,20190318,38.925444479476894,121.66915026954452,39中和阳街,17,18894,无物业管理服务,-,辽宁,1,二手房,1990
金州区鹏程家园53#-8,大连,大连欣怡花园开发管理有限公司,开发区,20190318,39.0348243693741,121.81226722991913,欣怡花园,13,9932,龙华物业管理有限公司,1.2,辽宁,1,二手房,2007
中山区鲁迅路204号百盛新药特药商店一楼西侧部分,大连,大连港连房地产开发有限公司,中山,20190318,38.92576188797548,121.6771337100355,海港公寓（寺儿沟商圈）,11,12474,大连仁安物业管理有限公司,0.2,辽宁,1,二手房,1996
中山区金城街26号一楼,大连,无开发商,中山,20190318,38.922282529515634,121.65214466263014,39中白兰街（南山商圈）,4,27401,无物业管理服务,-,辽宁,1,二手房,1995
无门店信息,大连,大连丰源房地产有限公司,中山,20190318,34.52713835999158,118.76812980670795,丰源海景,11,16704,大连丰源海景物业管理有限公司,0.5,辽宁,1,二手房,2000
沙河口区新生路万客园3-7,大连,暂无信息,沙河口,20190318,38.94412875710208,121.57006756704837,中海天赋山二期,21,19739,大连中海物业管理有限公司,2.8,辽宁,1,二手房,2017
开发区大开高吉里33栋6号,大连,大连开建集团有限公司,开发区,20190318,39.07355836059941,121.8280439450145,高城北花园,33,8689,大连经济技术开发区聚盛达物业管理有限公司,0.2,辽宁,1,二手房,1998
中山区安居巷7号,大连,大连建通房地产开发有限公司,中山,20190318,38.900436431991984,121.67796628922625,民生松竹苑,2,14781,大连奎祥物业管理有限公司,1.1,辽宁,1,二手房,2003
无门店信息,大连,大连中政房地产开发有限公司,中山,20190318,34.52713835999158,118.76812980670795,龙溪村,10,15554,大连中政物业管理有限公司,0.8,辽宁,1,二手房,2002
甘井子区芳林街17号1单元1层1号,大连,大连万亿房地产开发有限公司,甘井子,20190318,38.96091976856697,121.58863625429588,万亿香橙,6,22483,街道办事处（居委会）代管物业,0.5,辽宁,1,二手房,2011
中山区中南路226号,大连,大连永薪房屋开发有限公司,中山,20190318,38.90029610333926,121.68178899957817,海神花园,2,14197,大连永佳物业管理有限公司,1,辽宁,1,二手房,1999
沙河口区中山路417A-4号,大连,无开发商,沙河口,20190318,38.90734671814175,121.59482182703752,星海造船楼,12,12474,无物业管理服务,-,辽宁,1,二手房,1996
岭前街53-5,大连,大连铭泰房地产开发有限公司,中山,20190318,38.89487069426055,121.65795959631497,锦府桃源,15,23611,大连豪之英物业管理有限公司,1.2,辽宁,1,二手房,2009
无门店信息,大连,暂无信息,中山,20190318,34.52713835999158,118.76812980670795,明秀庄园一期,15,38869,大连澳邦致和物业服务有限公司,3.2,辽宁,1,二手房,2012
无门店信息,大连,大连运达房地产集团有限公司,甘井子,20190318,34.52713835999158,118.76812980670795,运达诺维溪谷三期,18,16739,大连运达物业有限公司,2,辽宁,1,二手房,2015
开发区红星海-B区89-1号,大连,远洋地产有限公司,开发区,20190318,39.027851194371685,121.80327394132297,红星海一期原墅,30,30272,大连远洋基业物业管理有限公司,2.2,辽宁,1,二手房,2010
中山区安居巷7号,大连,大连新世界广场国际有限公司,中山,20190318,38.900436431991984,121.67796628922625,曼哈顿大厦,33,13902,大连侨乐物业服务有限公司,3.5,辽宁,1,二手房,2005
中山区杏林街66—5号,大连,无开发商,中山,20190318,38.9244189768098,121.6630029448549,39中开源巷,10,28333,街道办事处（居委会）代管物业,0.5,辽宁,1,二手房,1990
无门店信息,大连,大连润泰房地产开发有限公司,中山,20190318,34.52713835999158,118.76812980670795,明秀庄园二期,12,40088,大连澳邦致和物业服务有限公司,3.2,辽宁,1,二手房,2015
开发区小孤山西里3栋-11号,大连,大连开发区世元房地产开发有限公司,开发区,20190318,39.02715282297674,121.80682183666346,东庭印象,20,9493,大连经济技术开发区鹏达物业管理有限公司,1.2,辽宁,1,二手房,2007
沙河口区锦霞南园1号1层公建,大连,大连锦绣房地产开发有限公司,沙河口,20190318,38.921778341674376,121.58261780680284,锦虹南园,18,10530,大连锦绣物业管理有限公司,0.3,辽宁,1,二手房,1998
沙河口区兰田街33号,大连,无开发商,沙河口,20190318,38.926138912221084,121.56486022834609,西苑新区,2,14019,街道办事处（居委会）代管物业,0.3,辽宁,1,二手房,2000
开发区小孤山西里3栋-11号,大连,大连光伸房地产开发有限公司,开发区,20190318,39.02715282297674,121.80682183666346,绿洲半岛一期,35,9706,大连经济技术开发区海青物业有限公司,0.5,辽宁,1,二手房,2004
经济技术开发区城润万家4-5号公建,大连,诠盛置业（大连）有限公司,开发区,20190318,39.05716325096989,121.75946281983826,清都记忆,37,12276,金科物业服务集团有限公司,0.5,辽宁,1,二手房,2013
甘井子区华北路花锦园28号23-3-1-2建筑物,大连,大连市中联房地产开发有限公司,甘井子,20190318,38.951627958411166,121.5739439799003,香周路（甘）,23,16307,街道办事处（居委会）代管物业,0.1,辽宁,1,二手房,1987
中山区益民街16号1层1号,大连,大连三鑫房地产开发有限公司,中山,20190318,38.93092761298906,121.66470740073377,金和苑,15,21741,大连报业物业管理有限公司三鑫分公司,3.5,辽宁,1,二手房,2004
无门店信息,大连,大连鹏辉房地产开发有限公司,甘井子,20190318,34.52713835999158,118.76812980670795,鹏辉新天居三期,53,14399,大连鹏辉物业管理有限公司,0.8,辽宁,1,二手房,2009
无门店信息,大连,大连航逸房地产开发有限公司,甘井子,20190318,34.52713835999158,118.76812980670795,中航华府,46,14962,中航物业管理有限公司大连分公司,2.5,辽宁,1,二手房,2016
甘井子区山东路127-2号,大连,无开发商,甘井子,20190318,38.99065559549029,121.59126483545545,七迎路,26,12171,街道办事处（居委会）代管物业,0.2,辽宁,1,二手房,1995
中山区职工街96号1-3层公建,大连,大连名仕房地产开发有限公司,中山,20190318,38.92565613737007,121.66193575790903,名仕国际公寓,18,10497,大连名流物业有限公司,3.8,辽宁,1,二手房,2004
甘井子区甘井子路32号楼1单元1楼9号,大连,大连和华房地产开发有限公司,甘井子,20190318,38.982488275116516,121.63345389253514,万成御园,11,14412,大连银力物业管理有限公司,1.3,辽宁,1,二手房,2015
甘井子区汇仁街19号12号楼1单元102室,大连,大连华南房地产开发有限公司,甘井子,20190318,38.99746297497168,121.58917714380617,名贵山庄华春园,4,13314,大连弘益达物业管理有限公司,0.5,辽宁,1,二手房,2004
大连市甘井子 区和通南园17-1号第S5幢1单元1层1号,大连,暂无信息,甘井子,20190318,38.95546176066109,121.5285003794903,青秀蓝湾二期,23,21286,中国铁建地产集团物业公司,2.6,辽宁,1,二手房,2016
大连市甘井子区宜居园10-1号房屋,大连,大连万科置业有限公司,甘井子,20190318,39.000039431463165,121.52111738616489,万科现在城,12,14868,大连万科物业服务有限公司,2.2,辽宁,1,二手房,2015
沙河口区杨树街4-4号公建,大连,无开发商,高新园区,20190318,38.88444587249751,121.55130620045541,育明高中,7,18404,无物业管理服务,-,辽宁,1,二手房,1998
沙河口区长江路946号-9,大连,大连华晟房屋开发有限公司,沙河口,20190318,38.92295863621255,121.59735298157467,华晟花园,4,15323,大连晟附物业管理有限公司,0.6,辽宁,1,二手房,2001
甘井子区金家街17-7号,大连,大连新型房地产开发有限公司,甘井子,20190318,38.97493697764367,121.60110987128529,翰林苑,7,22079,大连新兴物业管理有限公司,2,辽宁,1,二手房,2014
中山区金城街26号一楼,大连,辽宁远大房屋开发有限公司,中山,20190318,38.922282529515634,121.65214466263014,远大大厦,24,9848,街道办事处（居委会）代管物业,2.5,辽宁,1,二手房,2000
开发区松苑街23号,大连,大连西太平洋家属楼,开发区,20190318,22.52087710763645,113.40156104777168,松平里,16,12816,街道办事处（居委会）代管物业,0.5,辽宁,1,二手房,1995
中山区职工街96号1-3层公建,大连,无开发商,中山,20190318,38.92565613737007,121.66193575790903,警后大院（三八广场）,14,14573,无物业管理服务,-,辽宁,1,二手房,1993
沙河口区黄河路883号,大连,无开发商,沙河口,20190318,38.919826721475204,121.57749657966676,沙区医院,27,12043,无物业管理服务,-,辽宁,1,二手房,1990
大连市甘井子中华路街道汇畅街48号,大连,大连嘉盈置业有限公司,甘井子,20190318,39.00552323996268,121.59684207363269,宏都熙景,27,22922,大连宏都物业管理有限公司,2.3,辽宁,1,二手房,2016
甘井子区惠泽南园3-4号,大连,大连九衡房地产开发有限公司,甘井子,20190318,38.939326611323615,121.52337842113351,易和熙园,29,21141,大连易兴物业服务有限公司,2.3,辽宁,1,二手房,2013
中山区南山路59号1层4号,大连,大连悦泰集团有限公司,中山,20190318,38.91992239075882,121.6479206962747,悦泰诚里,11,21033,大连腾馨物业管理有限公司,2.2,辽宁,1,二手房,2004
沙河口区昌黎街77号楼第1层公建,大连,大连高新园区建设开发总公司,沙河口,20190318,38.91974518366595,121.5902918379551,79中昌隆大厦,10,19760,无物业管理服务,-,辽宁,1,二手房,1998
沙河口区中山路417A-4号,大连,无开发商,沙河口,20190318,38.90734671814175,121.59482182703752,同泰街,18,13143,无物业管理服务,0.5,辽宁,1,二手房,1999
中山区北斗街53号1层1号,大连,大连名仕房地产开发有限公司,中山,20190318,38.92727355733075,121.67002970974048,名仕财富中心,37,11152,holiday inn酒店物业管理有限公司,4.3,辽宁,1,二手房,2006
甘井子区红旗西路104-7,大连,大连盛达基业房地产开发有限公司,甘井子,20190318,38.940012695252975,121.52780738260293,依山云水二期,6,15016,大连盛新物业管理有限公司,0.6,辽宁,1,二手房,2007
中山区共建巷61号,大连,无开发商,中山,20190318,38.91828093658718,121.66259221532148,39中中化街,3,26368,街道办事处（居委会）代管物业,0.5,辽宁,1,二手房,1995
无门店信息,大连,新兴际华集团有限公司,甘井子,20190318,34.52713835999158,118.76812980670795,中华城,20,16134,大连仲邦维行物业管理有限公司,2.5,辽宁,1,二手房,2017
高新园区红凌路732-4号,大连,大华集团大连置业有限公司,高新园区,20190318,38.90158813547366,121.53265954348016,大华锦绣华城叁号院,7,29618,大连大华物业管理有限公司,2.5,辽宁,1,二手房,2016
沙河口区黑石礁街3号1层1-1号,大连,无开发商,沙河口,20190318,38.880058010307856,121.56313403908827,东财烛光园,6,19390,无物业管理服务,-,辽宁,1,二手房,1988
西岗区绕山路31号公建一层东侧,大连,大连胜利路拓宽改造工程建设有限公司,西岗,20190318,38.90257514466717,121.61412736644739,星海绿山城D区,11,21931,无物业管理服务,1.5,辽宁,1,二手房,2016
甘井子区泉水B5区27-9,大连,大连华智房地产开发有限公司,甘井子,20190318,39.014833760509994,121.60955220395961,华远新都汇广场,33,12171,街道办事处（居委会）代管物业,1,辽宁,1,二手房,2010
沙河口区锦石园24-7号第A2-13幢1单元1层1号,大连,大连锦绣房地产开发有限公司,沙河口,20190318,38.921778341674376,121.58261780680284,锦绣燕居沙河口区一期,5,17713,大连锦绣物业管理有限公司,1.2,辽宁,1,二手房,2012
中山区金城街26号一楼,大连,暂无信息,中山,20190318,38.922282529515634,121.65214466263014,枫林苑,2,23240,无物业管理服务,-,辽宁,1,二手房,1998
开发区金源南里14栋-11号一层部分，14号-12号一层部分,大连,无开发商,开发区,20190318,39.06148997014026,121.82510513314875,金源南里,70,8664,嘉兴物业管理有限公司,0.3,辽宁,1,二手房,2001
甘井子区华北路花锦园28号23-3-1-2建筑物,大连,大连东特房地产开发有限公司,甘井子,20190318,38.951627958411166,121.5739439799003,东特爱俪舍,35,15668,大连东特祥禾物业管理有限公司,0.6,辽宁,1,二手房,2004
甘井子区华北路花锦园28号23-3-1-2建筑物,大连,大连东特房地产开发有限公司,甘井子,20190318,38.951627958411166,121.5739439799003,星中环广场,24,18951,大连东特物业管理有限公司,1.2,辽宁,1,二手房,2009
西岗区绕山路31号公建一层东侧,大连,暂无信息,西岗,20190318,38.90257514466717,121.61412736644739,商都花园,7,13987,大连天河物业管理有限公司,0.3,辽宁,1,二手房,1993
沙河口区南沙街36号台二2号1-1-37,大连,大连三寰房屋开发有限公司,沙河口,20190318,38.90741410359388,121.57685699961822,南平花园,5,18667,大连上达物业管理有限公司,0.3,辽宁,1,二手房,2001
中山区秀月街37号1层2号,大连,无开发商,中山,20190318,38.88757907576307,121.66311065527876,桃仙小区,21,12268,街道办事处（居委会）代管物业,0.5,辽宁,1,二手房,1992
中山区鲁迅路184号1层B—A,大连,大连泰达新城建设发展有限公司,中山,20190318,38.92590875965419,121.67594393403164,泰达花园,8,21532,大连国合物业管理有限公司,1,辽宁,1,二手房,2000
金州区小平岛B组团4号楼3号商铺,大连,大连圣岛房地产开发有限公司,高新园区,20190318,39.2986190718601,121.95658248043723,小平岛邻海园H组团,9,20113,大连凯尔富物业管理有限公司,1.3,辽宁,1,二手房,2009
甘井子区红旗中路143号1层4号,大连,亿海房地产开发有限公司,甘井子,20190318,38.93169566676921,121.5426632438217,水苑居,7,15403,大连万泰物业管理有限公司,0.6,辽宁,1,二手房,2003
甘井子区汇仁街19号12号楼1单元102室,大连,大连华南房地产开发有限公司,甘井子,20190318,38.99746297497168,121.58917714380617,名贵山庄华秋园,13,13319,大连弘益达物业管理有限公司,0.5,辽宁,1,二手房,2002
甘井子区山东路137号,大连,大连华南房地产开发有限公司,甘井子,20190318,38.99129404608926,121.59172125999353,名贵山庄华美园,6,13655,大连弘益达物业管理有限公司,0.5,辽宁,1,二手房,2002
无门店信息,大连,大连景和房屋开发有限公司,甘井子,20190318,34.52713835999158,118.76812980670795,怡华园,13,16950,大连景和物业管理有限公司,0.5,辽宁,1,二手房,2001
甘井子区山东路137号,大连,大连华南房地产开发有限公司,甘井子,20190318,38.99129404608926,121.59172125999353,名贵山庄青年公寓,6,14285,大连弘益达物业管理有限公司,0.5,辽宁,1,二手房,2004
沙河口区民权街324号,大连,大连天河房地产开发集团有限公司,沙河口,20190318,38.92064616208148,121.59777611850379,宝发金钻,29,15338,大连天河物业管理有限公司,2.3,辽宁,1,二手房,2007
沙河口区西南路358号1—2号,大连,无开发商,沙河口,20190318,38.90839654326566,121.56908246905662,龙岗园,6,12179,大连嘉和物业管理有限公司,0.2,辽宁,1,二手房,2001
中山区益民街16号1层1号,大连,大连上方房地产开发有限公司,中山,20190318,38.93092761298906,121.66470740073377,上方港景,33,17785,北京世邦魏理仕物业管理服务有限公司大连分公司,3.5,辽宁,1,二手房,2011
大连市沙河口区黄河路729号,大连,大连天河房地产开发集团有限公司,沙河口,20190318,38.91710565765228,121.58954758972729,天河100,4,19980,大连天河物业管理有限公司,0.8,辽宁,1,二手房,2004
沙河口区黑石礁街5号1层1号,大连,大连鹏生房地产开发有限公司,沙河口,20190318,38.879813345473714,121.56313742300513,鹏莱花园,9,15028,大连新兴物业管理有限公司,0.3,辽宁,1,二手房,1998
中山区南山路59号1层4号,大连,深圳市东山开发有限公司,中山,20190318,38.91992239075882,121.6479206962747,昆明花园,5,20799,深圳市东山物业管理有限公司,0.5,辽宁,1,二手房,2000
沙河口区连山街44-2号半地下一层（地上一层部分）,大连,大连富华房地产有限公司,沙河口,20190318,38.892991456958086,121.57299542767161,富华山庄,7,16108,大连城建开发集团物业管理有限公司,0.5,辽宁,1,二手房,1998
西岗区平等街21号1层2号,大连,远洋地产有限公司,西岗,20190318,38.92251066253164,121.63236845125735,丽都花园,11,17645,无物业管理服务,1.5,辽宁,1,二手房,1997
沙河口区黄河路535号,大连,大连春达房屋开发有限公司,沙河口,20190318,38.91773777159567,121.60217159922856,79中数控大厦,11,24929,大连欧德物业管理有限公司,1.2,辽宁,1,二手房,2000
西岗区华北路100号1层5号,大连,无开发商,西岗,20190318,38.91336952993919,121.6258229781024,远东小区,2,12973,无物业管理服务,-,辽宁,1,二手房,1999
西岗区新田巷27号1-2,大连,大连安大房屋开发有限公司,西岗,20190318,38.893215932589385,121.64103065169111,仲夏花园,7,13843,大连长风物业管理有限公司,0.4,辽宁,1,二手房,1997
中山区共建巷61号,大连,无开发商,中山,20190318,38.91828093658718,121.66259221532148,39中永青街,10,24869,街道办事处（居委会）代管物业,0.5,辽宁,1,二手房,1995
甘井子区金北路17号,大连,安华房地产开发公司,甘井子,20190318,38.97553393692831,121.59969720502335,金荣园,11,20661,业主自筹物业,0.3,辽宁,1,二手房,1996
沙河口区黄浦路18号—5号公建,大连,大连高新技术产业园区建设开发总公司,高新园区,20190318,38.8771225143479,121.54427480390662,学府1+1公寓,11,16118,街道办事处（居委会）代管物业,0.6,辽宁,1,二手房,2007
沙河口区连山街10号2-1-2,大连,大连国合嘉汇房地产开发有限公司,沙河口,20190318,38.89637522563413,121.57143690983219,嘉汇星海,4,19115,大连国合物业管理有限公司,0.5,辽宁,1,二手房,2004
沙河口区西南路40号楼,大连,亿达集团大连房地产开发有限公司,沙河口,20190318,38.94141605900714,121.58612100465703,亿达海月公寓,8,16536,大连华艺物业管理有限公司,0.5,辽宁,1,二手房,1999
开发区翠竹小区33栋4-1-1号,大连,大连宏济开发经济有限公司,开发区,20190318,30.635492106460237,119.69169575745704,宏城金棕榈,45,10316,大连宏景物业管理有限公司,1.3,辽宁,1,二手房,2006
甘井子区华东路33-5号,大连,大连景和房屋开发有限公司,甘井子,20190318,38.97497080220593,121.59479866243332,怡景园,10,17114,大连景和物业管理有限公司,0.5,辽宁,1,二手房,2002
中山区民建街10号1单元1号,大连,大连港连房地产开发有限公司,中山,20190318,38.925444479476894,121.66915026954452,海港公寓（三八广场）,29,22867,大连海港物业管理有限公司,0.2,辽宁,1,二手房,1996
西岗区黄河路362号公建,大连,亿达集团大连房地产开发有限公司,西岗,20190318,38.91819905243802,121.61365779430986,亿达新世界,12,17155,亿达物业管理有限公司,0.5,辽宁,1,二手房,2001
经济技术开发区红星海-A区81-2号1层,大连,无开发商,开发区,20190318,39.027851194371685,121.80327394132297,西雅图,30,9875,大连维泰物业管理有限公司,0.8,辽宁,1,二手房,2004
甘井子区祥龙街2号楼1单元1楼1号,大连,大连世隆房地产开发有限公司,甘井子,20190318,38.988045874482445,121.60439401971377,玉树临居,11,14023,北京房修一物业管理有限公司,1.3,辽宁,1,二手房,2009
甘井子区虹港路16号楼1层公建,大连,大连鑫奇房地产开发有限公司,甘井子,20190318,38.96457808198196,121.55421052098279,鑫境界,69,12171,大连鑫境界物业管理有限公司,1.3,辽宁,1,二手房,2009
经济技术开发区红星海-A区81-2号1层,大连,远洋地产有限公司,开发区,20190318,39.027851194371685,121.80327394132297,红星海二期视界,50,14874,大连远洋基业物业管理有限公司,0.5,辽宁,1,二手房,2012
中山区民运巷 47号1层2号,大连,大连新型房地产开发总公司,中山,20190318,38.905955122300846,121.64798148011702,葵英小区,8,12537,街道办事处（居委会）代管物业,0.3,辽宁,1,二手房,1999
甘井子区绿洲园63—14号,大连,大连房地产开发集团,甘井子,20190318,38.95627767383783,121.59592681827246,和润佳园,5,21275,大连益嘉物业管理有限公司,1,辽宁,1,二手房,2007
中山区山屏街116号1-1,大连,大连恒悦房地产开发有限公司,中山,20190318,38.90729438486833,121.68598159980013,悦泰德里,5,22925,大连百安物业管理有限公司,1.9,辽宁,1,二手房,2008
中山区山屏街116号1-1,大连,大连毅腾房屋开发有限公司,中山,20190318,38.90729438486833,121.68598159980013,中南苑,11,18261,大连中南苑物业有限公司,1,辽宁,1,二手房,2001
大连经济技术开发区同和里7栋-9号,大连,开发区城建局,开发区,20190318,39.04901984220615,121.7885236929847,东山花园,14,12700,大连戎旅物业管理有限公司,0.8,辽宁,1,二手房,2006
甘井子区泉水B2区19-1号,大连,北方沿海房地产开发（大连）有限公司,甘井子,20190318,39.0101309886317,121.60812584213187,沿海鉴筑二期,23,15983,美佳物业管理（深圳）有限公司大连分公司,1.5,辽宁,1,二手房,2012
甘井子区祥龙街2号楼1单元1楼1号,大连,大连源隆房地产开发有限公司,甘井子,20190318,38.988045874482445,121.60439401971377,鑫汇茗苑,10,17020,大连佳和物业管理有限公司,1.6,辽宁,1,二手房,2011
西岗区香炉礁24号1-1,大连,大连大骏达房地产开发有限公司,西岗,20190318,38.91336952993919,121.6258229781024,骏达阅阳楼,12,11173,街道办事处（居委会）代管物业,1.2,辽宁,1,二手房,2010
中山区武昌街武昌公寓6号公建,大连,大连海昌房屋开发有限公司,中山,20190318,38.912280913445784,121.64921130527547,海昌华城,8,19351,大连海昌欣城物业管理有限公司,1.1,辽宁,1,二手房,1997
大连市甘井子区椒房街24号楼2-104链家地产,大连,大连港置地有限公司,甘井子,20190318,38.985363789837166,121.61034055597686,大连港天下粮仓,27,20155,大连万科物业服务有限公司,2.2,辽宁,1,二手房,2017
西岗区平等街21号1层2号,大连,辽宁宁安房地产开发有限公司,西岗,20190318,38.92251066253164,121.63236845125735,赛维利大厦,22,19574,大连良玖物业管理有限责任公司,1.5,辽宁,1,二手房,2004
甘井子区金家街17-7号,大连,大连衡锐房屋开发有限公司,甘井子,20190318,38.97493697764367,121.60110987128529,温莎小镇,7,20474,大连长波物业管理有限公司,1.5,辽宁,1,二手房,2013
沙河口区连山街44-2号半地下一层（地上一层部分）,大连,大连亿达房地产股份有限公司,沙河口,20190318,38.892991456958086,121.57299542767161,星海小区,20,11147,无物业管理服务,-,辽宁,1,二手房,1996
西岗区中山路158号唐山街市场外14号,大连,海运集团大连房屋开发有限公司,西岗,20190318,38.91835355789945,121.63274981188985,宝居佳苑,6,26687,大连城建开发集团物业管理有限公司,2,辽宁,1,二手房,2011
沙河口区星海广场B3区14-9,大连,大连友谊合升房地产开发有限公司,沙河口,20190318,38.887408126588866,121.58732762887982,壹品星海二期,17,24712,大连友谊物业服务有限公司,1.9,辽宁,1,二手房,2007
高新园区海苑街36号1单元2号公建,大连,大连金华兴房地产开发有限公司,高新园区,20190318,20.06392317589085,110.32302599457326,华兴山庄,12,14607,大连华兴物业管理有限公司,0.5,辽宁,1,二手房,2004
中山区武昌街武昌公寓6号公建,大连,大连中盛集团有限公司,中山,20190318,38.912280913445784,121.64921130527547,武昌花园,8,13573,无物业管理服务,0.3,辽宁,1,二手房,1990
中山区三八广场5号,大连,大连华丽山庄有限公司,中山,20190318,38.92540000551715,121.6642911149562,华丽山庄,17,18159,华丽山庄物业公司,1.5,辽宁,1,二手房,1999
沙河口区星海广场B3区14-2号1层,大连,华润置地（大连）有限公司,沙河口,20190318,38.88693148294673,121.58735631267305,星海湾壹号,38,50602,华润物业（大连）有限公司,4.8,辽宁,1,二手房,2008
沙河口区黄河路883号,大连,大连亿达房地产股份有限公司,沙河口,20190318,38.919826721475204,121.57749657966676,亿达学苑,11,20601,亿达物业管理有限公司,0.7,辽宁,1,二手房,2003
中山区南山路59号1层4号,大连,大连恒一嘉元置业有限公司,中山,20190318,38.91992239075882,121.6479206962747,南山首府,4,31172,大连恒信物业服务有限公司,4,辽宁,1,二手房,2015
开发区松苑街23号,大连,大连天安房地产开发有限公司,开发区,20190318,22.52087710763645,113.40156104777168,天安海景花园,15,12918,大连港力物业管理有限公司,1.2,辽宁,1,二手房,2006
西岗区康平街2号（5号楼3-1-3号）,大连,大连圣元房地产开发有限公司,西岗,20190318,38.91044414697888,121.61980769264477,亿达天琴山,24,22932,亿达物业管理有限公司,2.5,辽宁,1,二手房,2013
沙河口区西南路358号1—2号,大连,大连恒安房地产开发有限公司,沙河口,20190318,38.90839654326566,121.56908246905662,水芙山竹,7,20975,大连上达物业管理有限公司,0.6,辽宁,1,二手房,2005
西岗区长春路334号,大连,大连源通房地产开发有限公司,西岗,20190318,38.89807766522607,121.63221082858387,南石源居,2,16790,大连源通物业管理有限公司,1.3,辽宁,1,二手房,2009
中山区中南路226号,大连,大连悦泰集团有限公司,中山,20190318,38.90029610333926,121.68178899957817,悦泰林里,13,27498,大连腾馨物业管理有限公司,1.2,辽宁,1,二手房,2006
中山区华乐街107-115号1单元1层2号,大连,大连华旭置业有限公司,中山,20190318,38.92093821499401,121.68879267531725,东港第,20,34372,大连华锐世纪物业管理有限公司,3,辽宁,1,二手房,2015
西岗区中山路158号唐山街市场外14号,大连,大华集团大连房地产开发有限公司,西岗,20190318,38.91835355789945,121.63274981188985,畅通花园,3,20835,大连亿安物业管理有限公司,0.6,辽宁,1,二手房,2002
大连市甘井子区燕南园50号,大连,大连鑫园房屋开发有限公司,高新园区,20190318,38.90172480153224,121.5363466289672,新新园一期,15,14645,大连理工物业管理中心,0.3,辽宁,1,二手房,2000
沙河口区五一路219-1,大连,大连圣北房地产有限公司,沙河口,20190318,38.9026964858514,121.56644125985508,电业花园,10,14206,大连市沙河口房产物业管理有限公司,0.3,辽宁,1,二手房,1999
沙河口区长江路738号,大连,无开发商,西岗,20190318,38.92379936592553,121.61207696256155,21中五一广场,23,20539,无物业管理服务,-,辽宁,1,二手房,1976
高新园区海苑街36号1单元2号公建,大连,千汇德（大连）置业有限公司,高新园区,20190318,20.06392317589085,110.32302599457326,哈佛映像,18,19398,大连千汇德物业管理有限公司,1.2,辽宁,1,二手房,2009
沙河口区黑石礁街5号1层1号,大连,大连鹏生房地产开发有限公司,沙河口,20190318,38.879813345473714,121.56313742300513,鹏辉广场,12,18458,大连新兴物业管理有限公司,0.5,辽宁,1,二手房,2000
沙河口区鞍山路65号美都园7号1单元1层4号公建,大连,远洋地产有限公司,沙河口,20190318,38.92727525772336,121.60296423346817,绿都园,17,14218,大连峰霖物业管理有限公司,0.6,辽宁,1,二手房,2000
甘井子区榆水街6-9号公建,大连,大连弘润置业有限公司,甘井子,20190318,38.97957540063716,121.52458567456938,万科城市之光,55,22421,大连万科物业服务有限公司,2.8,辽宁,1,二手房,2015
大连市甘井子区椒房街24号楼2-104链家地产,大连,大连圣韬房地产开发有限公司,甘井子,20190318,38.985363789837166,121.61034055597686,万福山庄,16,14374,大连海旭物业管理有限公司,0.5,辽宁,1,二手房,2005
甘井子区柳树南街45-11号,大连,中海新海汇（大连）置业有限公司,甘井子,20190318,38.93107538811559,121.48785133651938,中海御湖熙谷,57,15456,大连中海物业管理有限公司,2.2,辽宁,1,二手房,2014
沙河口区西南路643号,大连,大连海昌房屋开发有限公司,沙河口,20190318,38.943483429804665,121.5833555851182,兴港花园,6,11885,大连永佳物业管理有限公司,0.3,辽宁,1,二手房,1999
沙河口区南沙街36号台二2号1-1-37,大连,大连市中联房地产开发有限公司,沙河口,20190318,38.90741410359388,121.57685699961822,健龙苑,23,23118,大连正源物业服务有限公司,0.5,辽宁,1,二手房,2000
高新园区敬贤街25-9,大连,大连邦盛发展有限公司,高新园区,20190318,38.86877373541043,121.52975162654023,雯君庭,30,21878,大连意美物业服务有限公司,2.3,辽宁,1,二手房,2013
西岗区新田巷27号1-2,大连,大连海苑房屋开发有限公司,西岗,20190318,38.893215932589385,121.64103065169111,半岛故乡,5,16502,大连半岛物业管理有限公司,0.8,辽宁,1,二手房,2002
大连市高新园区七贤中路63号,大连,无开发商,高新园区,20190318,38.86053006357667,121.53273606963094,学府士家,16,15563,无物业管理服务,-,辽宁,1,二手房,2000
甘井子区促进路200号,大连,大连鼎新房地产开发有限公司,甘井子,20190318,38.95810188892782,121.58530036264898,鼎新鼎云都,8,18083,大连鼎新物业管理有限公司,0.6,辽宁,1,二手房,2008
中山区解放路471-22号,大连,大连长策房屋开发有限公司,西岗,20190318,38.90018683040924,121.65457658465141,捷山观海,10,19913,大连鑫晟物业管理有限公司,2,辽宁,1,二手房,2009
沙河口区中山路417A-4号,大连,大连宝嘉房地产有限公司,沙河口,20190318,38.90734671814175,121.59482182703752,德源,6,27757,大连中和信邦物业管理有限公司,1.9,辽宁,1,二手房,2008
沙河口区成仁街91号,大连,无开发商,沙河口,20190318,38.91539947107844,121.59585638842556,西安路公寓,16,13068,大连协和物业管理有限公司,0.5,辽宁,1,二手房,2000
沙河口区黄浦路18号—5号公建,大连,大连高新技术产业园区建设开发总公司,高新园区,20190318,38.8771225143479,121.54427480390662,学府1+1,5,18725,街道办事处（居委会）代管物业,0.5,辽宁,1,二手房,2007
甘井子区亿家缘虹韵路205,大连,大连耕海置业有限公司,甘井子,20190318,38.95759554613104,121.5279376157567,国民院子,28,21712,大连耕海物业管理有限公司,2,辽宁,1,二手房,2012
甘井子区知音园20号3单元1层1号,大连,大连诚信万奕房地产开发有限公司,高新园区,20190318,38.95546176066109,121.5285003794903,万奕学院派,16,26897,大连空港物业管理有限公司,1.3,辽宁,1,二手房,2010
甘井子区华龙南园34-5号34-库4号34-5号,大连,大连运达房地产集团有限公司,甘井子,20190318,38.98270467597865,121.6117222765123,泊岭紫郡,31,12901,大连怡和物业服务有限公司,0.9,辽宁,1,二手房,2009
沙河口区成仁街91号,大连,大连城市建设集团有限公司,沙河口,20190318,38.91539947107844,121.59585638842556,79中学中盈家园,25,20934,街道办事处（居委会）代管物业,0.5,辽宁,1,二手房,2002
沙河口区锦霞南园13号3-1-1,大连,大连锦绣房地产开发有限公司,沙河口,20190318,38.921778341674376,121.58261780680284,锦华南园,22,10597,大连锦绣物业管理有限公司,0.3,辽宁,1,二手房,2002
中山区爱华街13号,大连,威新房地产开发(大连)有限公司,中山,20190318,38.92541607518685,121.6535728031028,中山九号,24,28617,威新物业管理(大连)有限公司,3.5,辽宁,1,二手房,2003
沙河口区联合路133号,大连,大连新型房地产开发有限公司,沙河口,20190318,38.91608561262676,121.60480987310456,五四小区,6,14505,大连新晨物业管理有限公司,0.5,辽宁,1,二手房,2000
沙河口区连山街44-2号半地下一层（地上一层部分）,大连,大连远东房屋开发有限公司,沙河口,20190318,38.892991456958086,121.57299542767161,星海大第,9,22146,大连斌宏物业管理有限公司,1,辽宁,1,二手房,2005
沙河口区黄河路883号,大连,大连安邦房地产开发有限公司,沙河口,20190318,38.919826721475204,121.57749657966676,阳光小筑,4,19407,大连远洋基业物业管理有限公司,0.8,辽宁,1,二手房,2007
沙河口区联合路133号,大连,大连建兴房屋开发有限公司,沙河口,20190318,38.91608561262676,121.60480987310456,21中学中山南苑,5,25269,大连自然物业管理有限公司,1.3,辽宁,1,二手房,2001
中山区共建巷61号,大连,中信集团大连中信房地产开发公司,中山,20190318,38.91828093658718,121.66259221532148,尚品南山,10,24551,大连中信物业管理有限公司,1.5,辽宁,1,二手房,2008
沙河口区连山街10号2-1-2,大连,大连宝嘉房地产有限公司,沙河口,20190318,38.89637522563413,121.57143690983219,星海名庭,9,22291,大连斌宏物业管理有限公司,0.6,辽宁,1,二手房,2005
西岗区平等街21号1层2号,大连,裕景兴业（大连）有限公司,西岗,20190318,38.92251066253164,121.63236845125735,中心裕景,56,20833,第一太平戴维斯物业顾问（北京）有限公司大连分公司,3.8,辽宁,1,二手房,2012
甘井子区惠泽南园3-4号,大连,大连鹏德房屋开发有限公司,甘井子,20190318,38.939326611323615,121.52337842113351,西山逸林,39,15861,大连三和住邦物业管理有限公司,1.3,辽宁,1,二手房,2009
沙河口区黄埔路427号,大连,大连名仕房地产开发有限公司,高新园区,20190318,38.921778341674376,121.58261780680284,名仕乐居,16,21812,大连万祥物业管理有限公司,1.3,辽宁,1,二手房,2008
中山区民运巷 47号1层2号,大连,大连荣泰房地产开发有限公司,中山,20190318,38.905955122300846,121.64798148011702,豪森茗家,10,24816,大连戴德梁行物业管理有限公司,2.2,辽宁,1,二手房,2008
甘井子区泉水B2区19-1号,大连,北方沿海房地产开发（大连）有限公司,甘井子,20190318,39.0101309886317,121.60812584213187,沿海鉴筑,32,17510,美佳物业管理（深圳）有限公司大连分公司,1.8,辽宁,1,二手房,2013
甘井子区虹韵路114号,大连,大连亿达美加房地产开发有限公司,甘井子,20190318,38.95653310483457,121.5329869995972,第五郡五号地,74,28818,亿达物业管理有限公司,2,辽宁,1,二手房,2009
沙河口区成仁街91号,大连,大连海孚房地产开发有限公司,沙河口,20190318,38.91539947107844,121.59585638842556,华业玫瑰东方Ⅱ期,29,26569,深圳华业物业管理有限公司大连分公司,3.5,辽宁,1,二手房,2014
西岗区鞍山路65-5号,大连,大连华阳房地产开发有限公司,沙河口,20190318,38.92701992456326,121.60258216167713,华阳风尚,11,16913,北京凯莱物业管理有限公司大连分公司,1.3,辽宁,1,二手房,2009
沙河口区数码路(北段)20-6号,大连,无开发商,高新园区,20190318,38.890045799133254,121.55191912957606,学子园,7,23837,业主自筹物业,0.5,辽宁,1,二手房,2002
沙河口区红旗东路18-22号2单元1楼3号,大连,无开发商,甘井子,20190318,38.921778341674376,121.58261780680284,天泉山庄,19,12156,大连铁龙安居物业管理有限公司,0.5,辽宁,1,二手房,2000
甘井子区红旗西路104-7,大连,大连安邦房地产开发有限公司,甘井子,20190318,38.940012695252975,121.52780738260293,水畔香谷,13,14784,大连万科绿色家园物业有限公司,1,辽宁,1,二手房,2007
中山区中南路店212号门头房,大连,大连鸿业房地产开发有限公司,中山,20190318,38.91149759691359,121.67700561077149,中南风景,14,18608,大连自然物业管理有限公司,0.8,辽宁,1,二手房,2004
沙河口区锦石园24-7号第A2-13幢1单元1层1号,大连,大连鼎新美地置业有限公司,甘井子,20190318,38.921778341674376,121.58261780680284,鼎新鼎润四季,28,20520,大连中原物业代理有限公司,1.2,辽宁,1,二手房,2010
西岗区鞍山路65-5号,大连,大连万益房屋开发有限公司,沙河口,20190318,38.92701992456326,121.60258216167713,万益花园,10,15722,大连自然物业管理中心,0.5,辽宁,1,二手房,2003
甘井子区红南东街7-7号,大连,大连良运房地产开发有限公司,甘井子,20190318,38.92880462247992,121.54144910207062,山居笔记,17,16501,大连良运物业管理有限公司,1.5,辽宁,1,二手房,2009
无门店信息,大连,大华集团大连置业有限公司,高新园区,20190318,34.52713835999158,118.76812980670795,大华锦绣华城三期,43,23039,大连大华物业管理有限公司,2.5,辽宁,1,二手房,2012
西岗区长红街4号1号公建,大连,大连丰源房地产开发有限公司,西岗,20190318,38.91377414665191,121.6302525225721,丰源山庄,12,23740,大连广安物业有限公司,0.4,辽宁,1,二手房,1996
高新园区海苑街36号1单元2号公建,大连,大连鸿越房地产开发有限公司,高新园区,20190318,20.06392317589085,110.32302599457326,康桥小镇,21,19026,大连长青物业管理中心,1.3,辽宁,1,二手房,2010
甘井子区美域盛景A2区10-6,大连,大连泉水园房屋开发有限公司,甘井子,20190318,39.00656691782301,121.6101668021319,骏腾名苑,76,13797,大连衡德物业管理有限公司,0.5,辽宁,1,二手房,2006
甘井子区红旗中路143号1层4号,大连,大连长鹭房屋开发有限公司,甘井子,20190318,38.93169566676921,121.5426632438217,西街晶品,23,19261,大连万泰物业管理有限公司,0.8,辽宁,1,二手房,2006
沙河口区五一路270-274号,大连,大连誉园房地产开发有限公司,高新园区,20190318,38.89104111985908,121.55325426578435,斯坦福院落,22,22764,第一太平戴维斯物业顾问（北京）有限公司大连分公司,1.2,辽宁,1,二手房,2008
沙河口区长江路738号,大连,大连民兴房地产开发有限公司,沙河口,20190318,38.92379936592553,121.61207696256155,79中民兴花园一期,8,27904,大连衡德物业管理有限公司,1.2,辽宁,1,二手房,2002
沙河口区五一路110-4号,大连,大连市中联房地产开发有限公司,沙河口,20190318,38.90710946686282,121.58172564480427,星海中龙园,21,20189,大连斌弘物业管理有限公司,0.6,辽宁,1,二手房,2004
西岗区胜利路33号,大连,大连万达房地产开发有限公司,西岗,20190318,38.91309771954841,121.62500886627636,信兴花园,3,26488,大连亿安物业管理有限公司,0.5,辽宁,1,二手房,1997
甘井子区中华路泉水A1区86号4单元1层1号,大连,大连运泽房地产开发有限公司,甘井子,20190318,39.0040066317761,121.60658685435251,润泽园,90,16496,大连城建开发集团物业管理有限公司,1.4,辽宁,1,二手房,2012
甘井子区惠泽南园3-4号,大连,大连鹏德房屋开发有限公司,甘井子,20190318,38.939326611323615,121.52337842113351,西山阳光水岸,40,16592,大连三和住邦物业管理有限公司,1,辽宁,1,二手房,2007
沙河口区中山路417A-4号,大连,大连新希望家园房地产有限公司,沙河口,20190318,38.90734671814175,121.59482182703752,新希望花园,24,20244,大连乾峰物业管理有限公司,1.3,辽宁,1,二手房,2003
中山区中青街43号,大连,大连亿达房地产股份有限公司,中山,20190318,38.90150598268117,121.65711014604845,青云映山,14,26474,亿达物业管理有限公司,1.3,辽宁,1,二手房,2005
中山区华乐街71号公建,大连,大连中银房地产开发有限公司,中山,20190318,38.923187679200566,121.6843197903016,澳景园,30,17652,大连衡德物业管理有限公司,1,辽宁,1,二手房,2003
沙河口区五一路96B-8号,大连,大连正源房地产开发有限公司,沙河口,20190318,38.91064944863509,121.58640982385212,幸福e家三期,58,40346,大连正源物业服务有限公司,1,辽宁,1,二手房,2004
中山区华乐街71号公建,大连,大连众和房地产开发有限公司,中山,20190318,38.923187679200566,121.6843197903016,东港印象C区,10,23319,大连众和物业管理有限公司,1.2,辽宁,1,二手房,2008
甘井子区知音园20号3单元1层1号,大连,亿达集团大连房地产开发有限公司,高新园区,20190318,38.95546176066109,121.5285003794903,亿达知音园,7,21346,亿达物业管理有限公司,0.5,辽宁,1,二手房,2001
金州区拥政街道733号-8号1-2层,大连,无开发商,金州,20190318,39.11690610445662,121.73030803603723,414小区,68,7303,街道办事处（居委会）代管物业,-,辽宁,2,二手房,1989
金州新区八一路金都嘉园1号楼1号公建,大连,大连海洋房地产开发有限公司,金州,20190318,39.05525210261778,121.74865634199398,金都嘉园,7,8918,街道办事处（居委会）代管物业,0.5,辽宁,2,二手房,2009
中山区高尚路28-1号,大连,无开发商,中山,20190318,38.892673425111305,121.67148833870213,高寿街,12,9808,无物业管理服务,-,辽宁,2,二手房,1991
大连市甘井子区逸林南园1-1号,大连,暂无信息,甘井子,20190318,38.95546176066109,121.5285003794903,三鼎春天A区,16,23413,瑞联德（大连）物业管理有限公司,3.2,辽宁,2,二手房,2015
中山区中青街87号一单元107,大连,无开发商,中山,20190318,38.90213494248529,121.65806522267005,中青街,5,18387,无物业管理服务,-,辽宁,2,二手房,1996
西岗区新田巷11号三单元103,大连,无开发商,西岗,20190318,38.89276612016956,121.64190731791966,新源巷,7,9966,无物业管理服务,-,辽宁,2,二手房,1990
甘井子区山东路137号,大连,暂无信息,甘井子,20190318,38.99129404608926,121.59172125999353,山东路北,10,12638,街道办事处（居委会）代管物业,0.5,辽宁,2,二手房,1986
沙河口区西南路851号3单元1层3号,大连,暂无信息,沙河口,20190318,38.94344210837944,121.58246796944378,学工街,1,9354,大连新兴物业管理有限公司,0.3,辽宁,2,二手房,1993
西岗区八一路102号,大连,无开发商,西岗,20190318,38.891094924332045,121.65327483516513,安泰巷,4,13287,无物业管理服务,-,辽宁,2,二手房,1990
沙河口区西南路851号3单元1层3号,大连,无开发商,沙河口,20190318,38.94344210837944,121.58246796944378,凌山五街,3,10403,街道办事处（居委会）代管物业,0.3,辽宁,2,二手房,1990
金州新区八一路金都嘉园1号楼1号公建,大连,大连天程置业有限公司,金州,20190318,39.05525210261778,121.74865634199398,御河壹號,5,9303,大连天程置业有限公司,1.2,辽宁,2,二手房,2015
大连市沙河口区西南路875号1层21号,大连,大连新型房地产开发有限公司,沙河口,20190318,38.94485969061231,121.58418648447764,春晖巷,4,10393,无物业管理服务,-,辽宁,2,二手房,1990
西岗区康平街2号（5号楼3-1-3号）,大连,无开发商,西岗,20190318,38.91044414697888,121.61980769264477,长太巷,7,11265,无物业管理服务,-,辽宁,2,二手房,1990
甘井子区华北路花锦园28号23-3-1-2建筑物,大连,无开发商,甘井子,20190318,38.951627958411166,121.5739439799003,华北路（周水子商圈）,6,15149,无物业管理服务,-,辽宁,2,二手房,1995
开发区大开高吉里33栋6号,大连,大连联富地产有限公司,开发区,20190318,39.07355836059941,121.8280439450145,城宁家园,3,9616,大连联富物业有限公司,1.5,辽宁,2,二手房,2015
沙河口区西南路643号,大连,无开发商,沙河口,20190318,38.943483429804665,121.5833555851182,西厢街,6,8774,无物业管理服务,-,辽宁,2,二手房,1995
沙河口区五四路207-1-9号,大连,无开发商,沙河口,20190318,38.906488732904506,121.5996637934482,集贤南一街,1,12809,无物业管理服务,-,辽宁,2,二手房,1992
金州区站前街道盛滨花园B区13号楼2号公建,大连,大连建兴房屋开发有限公司,金州,20190318,39.09609011892329,121.7335816409767,建兴花园,31,7437,街道办事处（居委会）代管物业,0.5,辽宁,2,二手房,1999
中山区中青街87号一单元107,大连,无开发商,中山,20190318,38.90213494248529,121.65806522267005,葵园巷,11,12327,无物业管理服务,-,辽宁,2,二手房,1996
大连市沙河口区西南路875号1层21号,大连,无开发商,沙河口,20190318,38.94485969061231,121.58418648447764,春风巷,2,11316,街道办事处（居委会）代管物业,0.5,辽宁,2,二手房,1993
金州区站前街道盛滨花园B区13号楼2号公建,大连,大连阿尔滨集团房地产开发有限公司,金州,20190318,39.09609011892329,121.7335816409767,现代雅筑,33,6689,大连阿尔滨集团物业管理有限公司,0.5,辽宁,2,二手房,2009
开发区黄海西路201号107公建,大连,大连开建房地产开发有限公司,开发区,20190318,39.04942604506828,121.80126318235419,芙蓉花园(开发区),45,6902,嘉兴物业管理有限公司,0.4,辽宁,2,二手房,2001
金州新区八一路金都嘉园1号楼1号公建,大连,大连友谊合升房地产开发有限公司,金州,20190318,39.05525210261778,121.74865634199398,龙祥嘉园,58,7779,大连天河物业管理有限公司,0.5,辽宁,2,二手房,1999
开发区大开高吉里33栋6号,大连,无开发商,开发区,20190318,39.07355836059941,121.8280439450145,高泰里,20,6030,无物业管理服务,-,辽宁,2,二手房,1998
无门店信息,大连,大连中瀛房地产开发有限公司,旅顺口,20190318,34.52713835999158,118.76812980670795,中瀛臻堡,30,9411,大连中瀛物业管理服务有限公司,1,辽宁,2,二手房,2010
中山区鲁迅路184号1层B—A,大连,大连绿地新城置业有限公司,中山,20190318,38.92590875965419,121.67594393403164,大连绿地中心,14,19583,上海科瑞物业管理发展有限公司大连第二分公司,4.2,辽宁,2,二手房,2015
开发区翠竹小区33栋4-1-1号,大连,大连福恒房地产开发有限公司,开发区,20190318,30.635492106460237,119.69169575745704,福佳国际,33,5952,大连福佳物业管理有限公司,1.5,辽宁,2,二手房,2007
中山区高尚路28-1号,大连,无开发商,中山,20190318,38.892673425111305,121.67148833870213,高原街,22,10221,街道办事处（居委会）代管物业,0.5,辽宁,2,二手房,1996
甘井子区鹏辉新世纪1幢1单元1-3号房屋（海口路99号）,大连,暂无信息,甘井子,20190318,38.96077365187575,121.60514653016222,鹏辉新世纪三期北园,25,16600,大连鹏辉物业管理有限公司,0.6,辽宁,2,二手房,2003
大连市甘井子区泉水N2区3-13号,大连,暂无信息,甘井子,20190318,39.021116079001885,121.64659997607325,泉水N2区,44,10905,无物业管理服务,0.7,辽宁,2,二手房,2009
大连市沙河口区知邻街50号,大连,无开发商,沙河口,20190318,38.921778341674376,121.58261780680284,玉门街,18,11287,无物业管理服务,-,辽宁,2,二手房,1993
西岗区八一路196号2-1-12号,大连,大连欧美亚房地产开发有限公司,西岗,20190318,38.89127420834314,121.6483201412943,名城国际公馆,12,16029,无物业管理服务,-,辽宁,2,二手房,2007
西岗区长春路334号,大连,无开发商,西岗,20190318,38.89807766522607,121.63221082858387,新城街（石道街商圈）,3,10944,无物业管理服务,-,辽宁,2,二手房,1989
无门店信息,大连,大连益宁房地产开发有限公司,开发区,20190318,34.52713835999158,118.76812980670795,岭湾峰尚二期,69,10074,大连鸿达物业管理有限公司,0.6,辽宁,2,二手房,2010
甘井子区海口路77-4号公建,大连,暂无信息,甘井子,20190318,38.960286398428124,121.60305183172997,鹏辉新世纪一期,13,17198,大连鹏辉物业管理有限公司,0.6,辽宁,2,二手房,2003
开发区黄海西路201号107公建,大连,开发区城建局,开发区,20190318,39.04942604506828,121.80126318235419,金湖里,51,6732,大连中信物业管理有限公司,0.1,辽宁,2,二手房,1998
甘井子区华东路33-5号,大连,大连宜和房地产开发有限公司,甘井子,20190318,38.97497080220593,121.59479866243332,松江路,1,10561,大连新华物业管理有限公司,-,辽宁,2,二手房,1993
沙河口区连山街10号2-1-2,大连,无开发商,沙河口,20190318,38.89637522563413,121.57143690983219,连山街,8,12182,街道办事处（居委会）代管物业,0.5,辽宁,2,二手房,1993
西岗区新田巷11号三单元103,大连,无开发商,西岗,20190318,38.89276612016956,121.64190731791966,新船巷,24,9443,无物业管理服务,-,辽宁,2,二手房,1992
甘井子区海口路77—5号,大连,暂无信息,甘井子,20190318,38.960286398428124,121.60305183172997,鹏辉新世纪二期,19,17309,大连鹏辉物业管理有限公司,0.6,辽宁,2,二手房,2003
沙河口区富国街14号1-1-2,大连,无开发商,沙河口,20190318,38.901027106600836,121.59047734850638,星云街,19,11574,无物业管理服务,-,辽宁,2,二手房,1995
沙河口区连山街10号2-1-2,大连,大连城市建设集团有限公司,沙河口,20190318,38.89637522563413,121.57143690983219,莱州街,22,10651,无物业管理服务,-,辽宁,2,二手房,1990
中山区解放路471-22号,大连,无开发商,中山,20190318,38.90018683040924,121.65457658465141,解放路（青云街商圈）,7,11711,街道办事处（居委会）代管物业,0.6,辽宁,2,二手房,1997
开发区正恒园1-16,大连,大连富华房地产有限公司,开发区,20190318,39.04823944344617,121.76165468797754,正泰园A区,17,12618,嘉泰物业管理有限公司,1.9,辽宁,2,二手房,2012
金州区光明街道育才街42-6号1-2层,大连,大连金华房地产开发有限公司,金州,20190318,39.109080894078986,121.7182584929096,金华小区一期,60,7932,大连金华兴物业有限公司,0.5,辽宁,2,二手房,2003
金州新区先进街道渤海街7-4号1-2层、7-3号1-2层,大连,大连海洋房地产开发有限公司,金州,20190318,39.09342713035472,121.74590886291374,金海嘉园,20,8334,大连辽渔物业管理有限公司,0.8,辽宁,2,二手房,2007
中山区民建街10号1单元1号,大连,无开发商,中山,20190318,38.925444479476894,121.66915026954452,39中金域朝阳,4,18094,无物业管理服务,-,辽宁,2,二手房,2000
金州区金润小区B区861单元102,大连,大连中连房地产开发有限公司,金州,20190318,39.10615165380565,121.74639264534615,自然天城B区,57,7237,大连新生活物业管理有限公司,0.4,辽宁,2,二手房,2010
西岗区平等街21号1层2号,大连,辽宁宁安房地产开发有限公司,西岗,20190318,38.92251066253164,121.63236845125735,良玖国际,26,15711,大连良玖物业管理有限责任公司,3.7,辽宁,2,二手房,2005
中山区北斗街53号1层1号,大连,大连大森房地产开发有限公司,中山,20190318,38.92727355733075,121.67002970974048,东港林苑,12,17233,大连美心物业管理有限公司,2.8,辽宁,2,二手房,2013
开发区红星海-B区89-1号,大连,远洋地产有限公司,开发区,20190318,39.027851194371685,121.80327394132297,红星海三期郡墅,30,22126,大连远洋基业物业管理有限公司,2.2,辽宁,2,二手房,2010
无门店信息,大连,大连祥和房屋开发有限公司,甘井子,20190318,34.52713835999158,118.76812980670795,祥和花园,49,12190,大连市大北物业管理有限公司,0.4,辽宁,2,二手房,2007
无门店信息,大连,大连软件园恒荣开发有限公司,高新园区,20190318,34.52713835999158,118.76812980670795,亿达普罗旺斯三期,27,21624,亿达物业管理有限公司,2.6,辽宁,2,二手房,2017
无门店信息,大连,大连运达房地产集团有限公司,甘井子,20190318,34.52713835999158,118.76812980670795,运达诺维溪谷一期,32,15958,大连运达物业有限公司,1.8,辽宁,2,二手房,2010
西岗区平等街21号1层2号,大连,无开发商,西岗,20190318,38.92251066253164,121.63236845125735,香榭里,36,9849,大连金地物业管理有限公司,3.6,辽宁,2,二手房,2010
无门店信息,大连,大连铁龙房地产开发有限公司,甘井子,20190318,34.52713835999158,118.76812980670795,连海金源,24,14034,大连铁龙安居物业管理有限公司,1.3,辽宁,2,二手房,2012
无门店信息,大连,大连新兴海韵房地产开发有限公司,开发区,20190318,34.52713835999158,118.76812980670795,山海家园,15,13180,大连经济技术开发区通讯物业有限公司,0.5,辽宁,2,二手房,2004
沙河口区星海广场B3区20—3号,大连,金世纪房地产,沙河口,20190318,38.888054001818844,121.58662952422732,金玉星海,16,14211,大连吉田物业管理有限公司,1.3,辽宁,2,二手房,2005
沙河口区星海广场B3区14-9,大连,大连一方地产有限公司,沙河口,20190318,38.887408126588866,121.58732762887982,星海阳光,20,22550,大连中海物业管理有限公司,1.6,辽宁,2,二手房,2004
开发区黄海西路54号,大连,开发区城建局,开发区,20190318,39.047714586087785,121.76688238228269,青松北里,56,8445,大连经济技术开发区中强物业管理有限公司,0.2,辽宁,2,二手房,1996
西岗区长红街4号1号公建,大连,无开发商,西岗,20190318,38.91377414665191,121.6302525225721,34中林荫巷,13,27254,无物业管理服务,-,辽宁,2,二手房,1997
甘井子区辛寨子街道中冶蓝城辛虹园39-7号公建,大连,大连中冶京诚置业有限公司,甘井子,20190318,38.98155611421408,121.49259383356096,中冶蓝城,20,12330,大连添翼物业服务有限公司,2,辽宁,2,二手房,2013
金州区同济路44号,大连,大连金宸集团,金州,20190318,39.10476859984152,121.71234684495865,连大文润金宸三期,53,11007,大连四通物业管理有限公司,1,辽宁,2,二手房,2010
大连市高新园区软件园路1A-3号,大连,大连软景房地产开发有限公司,高新园区,20190318,38.89360013642285,121.54653763548625,亿达软景中心,18,23185,亿达物业管理有限公司,3.5,辽宁,2,二手房,2014
红星海A区126-4,大连,远洋地产有限公司,开发区,20190318,39.027851194371685,121.80327394132297,红星海四期城市别馆二号,64,13323,大连远洋基业物业管理有限公司,2.2,辽宁,2,二手房,2012
甘井子区甘井子路32号楼1单元1楼9号,大连,大连市建设控股有限公司,甘井子,20190318,38.982488275116516,121.63345389253514,胜景家园,10,12322,街道办事处（居委会）代管物业,0.9,辽宁,2,二手房,2009
甘井子区玉丽街39号楼3号公建,大连,大连新型房地产开发有限公司,甘井子,20190318,38.98706755029984,121.55605471197089,玉浓街,46,10098,大连新兴物业管理有限公司,0.2,辽宁,2,二手房,2002
沙河口区五四路207-1-9号,大连,大连建兴房屋开发有限公司,沙河口,20190318,38.906488732904506,121.5996637934482,建兴花园小区,6,13110,大连建兴物业管理有限公司,0.4,辽宁,2,二手房,1997
中山区益民街16号1层1号,大连,中海地产,中山,20190318,38.93092761298906,121.66470740073377,中海海港城,50,19849,中海物业,4.2,辽宁,2,二手房,2015
西岗区胜利路33号,大连,大连恒盛房屋开发有限公司,西岗,20190318,38.91309771954841,121.62500886627636,盛阳山庄,9,10948,大连佳捷物业管理有限公司,0.5,辽宁,2,二手房,1999
中山区碧浪园4号-3号,大连,大连三寰房地产开发有限公司,中山,20190318,38.89147289460474,121.69329560326236,碧浪园三期,12,16478,大连峰霖物业管理有限公司,0.3,辽宁,2,二手房,2003
甘井子区虹城路503号1-1号,大连,大连易和房地产集团有限公司,甘井子,20190318,38.981193588625004,121.49964051837122,岭秀滨城悦和西园,25,14011,大连易兴物业服务有限公司,1.3,辽宁,2,二手房,2009
中山区华乐街71号公建,大连,暂无信息,中山,20190318,38.923187679200566,121.6843197903016,东港印象DE区,15,14483,大连众和物业管理有限公司,1.2,辽宁,2,二手房,2008
甘井子区华北路花锦园28号23-3-1-2建筑物,大连,大连谷和房屋开发有限公司,甘井子,20190318,38.951627958411166,121.5739439799003,大连门小区,20,16284,大连谷和物业管理有限公司,0.3,辽宁,2,二手房,2000
中山区东港龙湖水晶郦湾7-102,大连,大连保利东港房地产开发有限公司,中山,20190318,38.924700620463895,121.70344398518496,保利天禧,46,25027,保利物业服务有限公司,4.8,辽宁,2,二手房,2017
甘井子区泉水B5区27-9,大连,大连运达房地产集团有限公司,甘井子,20190318,39.014833760509994,121.60955220395961,锦泉源B5区,55,12728,政治物业管理有限公司,0.1,辽宁,2,二手房,1999
大连市甘井子区椒房街24号楼2-104链家地产,大连,大连凯祥房地产开发有限公司,甘井子,20190318,38.985363789837166,121.61034055597686,椒金山庄,16,16542,大连凯祥物业管理有限公司,0.5,辽宁,2,二手房,2000
开发区小孤山西里3栋-11号,大连,大连广隆房地产开发有限公司,开发区,20190318,39.02715282297674,121.80682183666346,文华园,36,10097,大连广隆物业管理有限公司,1.1,辽宁,2,二手房,2007
甘井子辛吉街150号-7号,大连,大连金马房屋开发有限公司,甘井子,20190318,38.96309956105142,121.52341678860995,金马圣隆,27,13088,大连金马圣隆物业管理有限公司,0.5,辽宁,2,二手房,2006
中山区爱华街13号,大连,无开发商,中山,20190318,38.92541607518685,121.6535728031028,九中安民街,25,38574,无物业管理服务,-,辽宁,2,二手房,1995
中山区中南路226号,大连,大连亿泰房屋开发有限公司,中山,20190318,38.90029610333926,121.68178899957817,亿泰庄园,10,13993,大连远洋基业物业管理有限公司,0.7,辽宁,2,二手房,1999
中山区虎滩路62号,大连,大连国泰房地产开发有限公司,中山,20190318,38.886587440841225,121.69237728440392,帝柏湾,18,21524,加拿大高力国际物业服务有限公司,2,辽宁,2,二手房,2007
金州区小平岛B组团4号楼3号商铺,大连,大连圣岛房地产开发有限公司,高新园区,20190318,39.2986190718601,121.95658248043723,小平岛海悦山,62,20197,大连凯尔富物业管理有限公司,1.3,辽宁,2,二手房,2011
金州区小平岛B组团4号楼3号商铺,大连,大连安达房地产开发有限公司,高新园区,20190318,39.2986190718601,121.95658248043723,小平岛亲海园A2组团,43,20411,大连凯尔富物业管理有限公司,1.7,辽宁,2,二手房,2007
金州区小平岛B组团4号楼3号商铺,大连,大连圣岛房地产开发有限公司,高新园区,20190318,39.2986190718601,121.95658248043723,小平岛邻海园,24,17158,大连凯尔富物业管理有限公司,1.3,辽宁,2,二手房,2007
莲花山路89-3号,大连,大连铁路房地产开发有限责任公司,西岗,20190318,38.90273559371702,121.6046814926709,新华小区(西岗),9,12325,大连铁路物业管理有限公司,0.3,辽宁,2,二手房,1998
西岗区鞍山路65-5号,大连,大连恒利房屋开发有限公司,沙河口,20190318,38.92701992456326,121.60258216167713,中长花园,12,13563,大连金星物业管理中心,0.5,辽宁,2,二手房,2000
西岗区鞍山路29号龙畔锦城东门,大连,大连凯润房屋开发有限公司,西岗,20190318,38.92763470697088,121.61498923399098,景润二期,17,12875,大连凯润物业管理有限公司,0.3,辽宁,2,二手房,2000
中山区金城街26号一楼,大连,无开发商,中山,20190318,38.922282529515634,121.65214466263014,九中洛川街,19,33966,无物业管理服务,-,辽宁,2,二手房,1995
高新园区黄浦路901S号1单元1层3号,大连,大连金真源集团房地产开发有限公司,高新园区,20190318,38.85845801548294,121.51687109601923,山海一家三期,14,17850,大连龙海物业管理有限公司,1.2,辽宁,2,二手房,2010
甘井子区红韵路114号,大连,大连亿达美加房地产开发有限公司,甘井子,20190318,38.95546176066109,121.5285003794903,第五郡六号地,38,31399,亿达物业管理有限公司,3,辽宁,2,二手房,2009
西岗区香炉礁24号1-1,大连,中瑞置业（大连）有限公司,西岗,20190318,38.91336952993919,121.6258229781024,香周首府,72,19605,中融物业管理有限公司,3,辽宁,2,二手房,2014
沙河口区知心园10号公建,大连,亿达房地产开发有限公司,高新园区,20190318,38.893977135945136,121.55667141994431,亿达康派,8,18983,亿达物业管理有限公司,1.5,辽宁,2,二手房,2006
中山区北斗街53号1层1号,大连,大连万众房屋开发有限公司,中山,20190318,38.92727355733075,121.67002970974048,清华园(中山),19,18582,大连万众物业有限公司,1.7,辽宁,2,二手房,2003
高新园区火炬路18号,大连,大连海创房地产开发有限公司,高新园区,20190318,38.937738080520404,117.39340752036043,芝麻街,44,14029,大连海创物业管理有限公司,2.4,辽宁,2,二手房,2010
甘井子区红南东街7-7号,大连,大连均卫达房地产开发有限公司,甘井子,20190318,38.92880462247992,121.54144910207062,亲亲阳光,14,12877,大连万泰物业管理有限公司,0.5,辽宁,2,二手房,2004
中山区金城街26号一楼,大连,大连万达房地产开发有限公司,中山,20190318,38.922282529515634,121.65214466263014,九中金城街,17,35040,无物业管理服务,-,辽宁,2,二手房,1992
甘井子区虹港路16号楼1层公建,大连,大连建园房地产开发有限公司,甘井子,20190318,38.96457808198196,121.55421052098279,城市印象,56,15900,大连天兴物业管理有限公司,1.8,辽宁,2,二手房,2011
沙河口区锦石园24-7号第A2-13幢1单元1层1号,大连,大连锦绣房地产开发有限公司,沙河口,20190318,38.921778341674376,121.58261780680284,锦城园C区,28,15273,大连锦绣物业管理有限公司,0.6,辽宁,2,二手房,2006
沙河口区西南路358号1—2号,大连,大连泰安房地产开发有限公司,沙河口,20190318,38.90839654326566,121.56908246905662,泰安花园,29,15223,大连三宝物业发展有限公司,0.5,辽宁,2,二手房,1998
沙河口区黄河路535号,大连,大连首星房地产开发有限公司,沙河口,20190318,38.91773777159567,121.60217159922856,金色年华公馆,44,26467,大连首星物业管理有限公司,2.8,辽宁,2,二手房,2011
沙河口区黄河路562号,大连,大连新型房地产开发有限公司,沙河口,20190318,38.9167961764482,121.60352063132478,79中中山公寓,11,26042,大连新兴物业管理有限公司,0.7,辽宁,2,二手房,1999
甘井子区金家街17-7号,大连,无开发商,甘井子,20190318,38.97493697764367,121.60110987128529,金二小学北,17,20421,无物业管理服务,-,辽宁,2,二手房,1970
金州区小平岛B组团4号楼3号商铺,大连,安达圣岛开发有限公司,高新园区,20190318,39.2986190718601,121.95658248043723,小平岛亲海园,51,17054,大连凯尔富物业管理有限公司,1.3,辽宁,2,二手房,2007
高新园区红凌路732-4号,大连,大华集团大连置业有限公司,高新园区,20190318,38.90158813547366,121.53265954348016,大华锦绣华城二期,43,25714,大连大华物业管理有限公司,2.5,辽宁,2,二手房,2013
高新园区黄浦路901S号1单元1层3号,大连,大连海创房地产开发有限公司,高新园区,20190318,38.85845801548294,121.51687109601923,谷歌里,43,14794,大连海创物业管理有限公司,1.2,辽宁,2,二手房,2009
甘井子区绿洲园60号,大连,大连新华房屋开发有限公司,甘井子,20190318,38.95390300214936,121.59409785747448,新华绿洲,87,18139,大连新华物业管理有限公司,0.6,辽宁,2,二手房,2003
沙河口区黄浦路18号—5号公建,大连,大连良运房地产开发有限公司,高新园区,20190318,38.8771225143479,121.54427480390662,翰林观海,19,22533,大连良运物业管理有限公司,0.8,辽宁,2,二手房,2003
沙河口区五一路326号,大连,大连亿达房地产股份有限公司,高新园区,20190318,38.88949370884506,121.5496388331407,亿达学清园,22,23329,大连软件园物业管理有限公司,0.5,辽宁,2,二手房,2001
西岗区黄河路362号公建,大连,大连万峰房地产开发有限公司,西岗,20190318,38.91819905243802,121.61365779430986,万达华府一期,58,28867,大连万景物业管理有限公司,1.3,辽宁,2,二手房,2005
沙河口区锦江园30号1层公建,大连,暂无信息,沙河口,20190318,38.921778341674376,121.58261780680284,锦江园南松路,3,11342,绿城物业服务集团有限公司大连分公司,-,辽宁,3,二手房,-
金州新区八一路金都嘉园1号楼1号公建,大连,大连锦阳房地产开发有限公司,金州,20190318,39.05525210261778,121.74865634199398,古城天下,9,7065,大连锦阳房地产开发有限公司,1,辽宁,3,二手房,2004
甘井子金地艺境博艺西园2-1号,大连,暂无信息,甘井子,20190318,39.04402110608829,121.665484498555,欣家园二期,11,9042,街道办事处（居委会）代管物业,0.5,辽宁,3,二手房,2000
无门店信息,大连,无开发商,金州,20190318,34.52713835999158,118.76812980670795,香山翌景,15,7112,街道办事处（居委会）代管物业,0.5,辽宁,3,二手房,2010
大连市金州新区中长街道碧海尚城5-4号1-2层,大连,无开发商,金州,20190318,39.1001690968934,121.73061017121415,于洼小区,52,7229,街道办事处（居委会）代管物业,0.1,辽宁,3,二手房,1990
开发区黄海西路201号107公建,大连,无开发商,开发区,20190318,39.04942604506828,121.80126318235419,自由港,42,6931,大连安洁物业管理服务有限公司,0.5,辽宁,3,二手房,2006
金州新区先进街道渤海街7-4号1-2层、7-3号1-2层,大连,大连金连房地产开发有限公司,金州,20190318,39.09342713035472,121.74590886291374,金纺馨公寓,16,6648,金州区物业管理有限公司,-,辽宁,3,二手房,2006
中山区民建街10号1单元1号,大连,无开发商,中山,20190318,38.925444479476894,121.66915026954452,39中鲁迅路（三八广场）,2,19838,无物业管理服务,-,辽宁,3,二手房,1995
开发区黄海西路54号,大连,无开发商,开发区,20190318,39.047714586087785,121.76688238228269,翠南隆达院,21,7694,嘉兴物业管理有限公司,0.5,辽宁,3,二手房,1998
金州区同济路44号,大连,大连金开信都房地产开发有限公司,金州,20190318,39.10476859984152,121.71234684495865,海天新界,37,8279,大连西海岸物业管理有限公司,1,辽宁,3,二手房,2011
甘井子区玉云路27-3-1-3,大连,暂无信息,甘井子,20190318,38.97896234099927,121.55865563488358,泡崖新六区,23,10637,大连新型物业管理有限公司,0.3,辽宁,3,二手房,2003
沙河口区中山路417A-4号,大连,无开发商,沙河口,20190318,38.90734671814175,121.59482182703752,连华街,19,14278,无物业管理服务,-,辽宁,3,二手房,1995
西岗区八一路102号,大连,无开发商,西岗,20190318,38.891094924332045,121.65327483516513,杏环街,16,10070,无物业管理服务,-,辽宁,3,二手房,1994
大连市金州区站前街道生辉第一城14-3号1-2层,大连,大连新天润企业集团有限公司,开发区,20190318,39.0569681786798,121.74773530665969,凯旋国际,106,7039,第一东方(大连)物业服务有限公司,2.3,辽宁,3,二手房,2008
中山区中南路店212号门头房,大连,无开发商,中山,20190318,38.91149759691359,121.67700561077149,转山小区,17,13989,大连怡和物业服务有限公司,0.3,辽宁,3,二手房,1990
甘井子区金北路17号,大连,暂无信息,甘井子,20190318,38.97553393692831,121.59969720502335,76中学桥南,72,16196,大连新华物业管理有限公司,0.2,辽宁,3,二手房,1970
中山区山屏街116号1-1,大连,大连中信海港投资有限公司,中山,20190318,38.90729438486833,121.68598159980013,山屏街,33,11725,暂无信息,-,辽宁,3,二手房,1988
大连市开发区抚顺街30号,大连,无开发商,开发区,20190318,38.92272284555705,121.5977239817503,翠南管委会院,14,9754,街道办事处（居委会）代管物业,0.5,辽宁,3,二手房,1998
无门店信息,大连,暂无信息,旅顺口,20190318,34.52713835999158,118.76812980670795,熙龙山庄,52,8096,大连市辰馨物业服务有限公司,1,辽宁,3,二手房,2005
金州区五一路先进街道 陶然居2-2,大连,大连金开房地产开发有限公司,金州,20190318,39.0830973395057,121.7630113583655,华邦俪城,86,10013,大连华邦物业有限公司,1.3,辽宁,3,二手房,2010
中山区武昌街武昌公寓6号公建,大连,无开发商,中山,20190318,38.912280913445784,121.64921130527547,武昌街,21,12203,大连经济技术开发区永嘉物业管理有限公司,0.3,辽宁,3,二手房,1990
沙河口区绿清街12号,大连,无开发商,沙河口,20190318,38.93851335419565,121.57334844377094,绿波B区,22,9296,街道办事处（居委会）代管物业,0.1,辽宁,3,二手房,1992
大连市甘井子区丰收路3-5号,大连,大连铁路房地产开发有限责任公司,甘井子,20190318,38.965377255081755,121.58288415324094,王家桥小区,20,12138,大连铁路物业管理有限公司,0.1,辽宁,3,二手房,1989
沙河口区西南路40号楼,大连,无开发商,沙河口,20190318,38.94141605900714,121.58612100465703,黑石礁景山,9,11667,无物业管理服务,-,辽宁,3,二手房,1990
莲花山路89-3号,大连,大连安邦房屋开发公司,沙河口,20190318,38.90273559371702,121.6046814926709,金地海景,16,13672,无物业管理服务,-,辽宁,3,二手房,2005
沙河口区锦石路8号,大连,大连锦绣房地产开发有限公司,沙河口,20190318,38.94771288948481,121.56110903658733,锦泉南园,52,11255,大连锦绣物业管理有限公司,0.3,辽宁,3,二手房,1996
甘井子区泡崖六小区6号楼1单元1层2号,大连,大连新型房地产开发有限公司,甘井子,20190318,38.98033159306754,121.55920598894072,泡崖五区,72,10966,大连新兴物业管理有限公司,0.5,辽宁,3,二手房,1990
甘井子区泡崖六小区6号楼1单元1层2号,大连,大连新型房地产开发有限公司,甘井子,20190318,38.98033159306754,121.55920598894072,泡崖六区,26,11002,大连新兴物业管理有限公司,0.3,辽宁,3,二手房,2000
开发区杏树里10栋-14,大连,大连华宇房地产开发有限公司,开发区,20190318,39.08113818354046,121.78505742127606,华宇凤凰城,81,8296,大连华宇物业管理有限公司,1,辽宁,3,二手房,2007
红星海A区126-4,大连,大连光伸房地产开发有限公司,开发区,20190318,39.027851194371685,121.80327394132297,绿洲半岛三期,31,10164,大连经济技术开发区光伸物业服务有限公司,0.6,辽宁,3,二手房,2005
高新园敬贤街23-11号,大连,暂无信息,高新园区,20190318,38.86956637166276,121.5301657390922,中海紫御观邸二期,22,21829,大连中海物业管理有限公司,2.6,辽宁,3,二手房,2013
沙河口区锦霞南园1号1层公建,大连,大连锦绣房地产开发有限公司,沙河口,20190318,38.921778341674376,121.58261780680284,锦虹北园,21,11359,大连锦绣物业管理有限公司,0.3,辽宁,3,二手房,1998
无门店信息,大连,大连一方生态城房地产开发有限公司,开发区,20190318,34.52713835999158,118.76812980670795,一方天鹅湖,144,7934,大连一方物业管理有限公司,2,辽宁,3,二手房,2010
甘井子区泉水D1区37-7号,大连,大连运腾房地产开发有限公司,甘井子,20190318,39.013992871679214,121.61921940045104,锦泉源D4区,25,13994,大连嘉和物业管理有限公司,0.5,辽宁,3,二手房,2007
西岗区八一路196号1-3,大连,大连三环置业有限公司,西岗,20190318,38.89127420834314,121.6483201412943,桃花源小区,46,10005,大连三寰物业管理有限公司,0.5,辽宁,3,二手房,1996
甘井子区华龙南园34-5号34-库4号34-5号,大连,大连钧卫达房地产开发有限公司,甘井子,20190318,38.98270467597865,121.6117222765123,亲亲美境,24,11996,大连三和住邦物业管理有限公司,0.9,辽宁,3,二手房,2008
中山区共建巷61号,大连,无开发商,中山,20190318,38.91828093658718,121.66259221532148,39中共建巷,32,27833,街道办事处（居委会）代管物业,0.5,辽宁,3,二手房,1990
甘井子区柳树南街45-10号,大连,中体产业集团大连乐百年置业有限公司,甘井子,20190318,38.92567666296449,121.4841330254372,中体奥林匹克花园,61,14432,广东中奥物业有限公司大连分公司,1.9,辽宁,3,二手房,2010
中山区共建巷61号,大连,无开发商,中山,20190318,38.91828093658718,121.66259221532148,39中桂林街,15,24730,街道办事处（居委会）代管物业,-,辽宁,3,二手房,1990
大连市高新园区七贤中路63号,大连,大连宏都房地产开发有限公司,高新园区,20190318,38.86053006357667,121.53273606963094,宏都峰景,27,20391,大连东方百瑞物业管理有限公司,1.9,辽宁,3,二手房,2012
沙河口区黑石礁街3号1层1-1号,大连,大连建隆置业有限公司,沙河口,20190318,38.880058010307856,121.56313403908827,富丽庭,16,19000,达波尔酒店物业管理（大连）有限公司,2.4,辽宁,3,二手房,2010
沙河口区红旗东路18-22号2单元1楼3号,大连,大连益嘉房屋开发有限公司,沙河口,20190318,38.921778341674376,121.58261780680284,益嘉广场,35,16805,大连益嘉物业管理有限公司,1.8,辽宁,3,二手房,2012
西岗区香炉礁24号1-1,大连,大连新型房地产开发有限公司,西岗,20190318,38.91336952993919,121.6258229781024,金海花园东园,29,12822,大连新兴物业管理有限公司,0.5,辽宁,3,二手房,2001
甘井子区促进路30号2-1-1,大连,大连谷和房屋开发有限公司,甘井子,20190318,38.954133128707575,121.58355746311207,谷和温馨苑,28,17482,大连谷和物业管理有限公司,0.6,辽宁,3,二手房,2002
沙河口区五一路270-274号,大连,大连亿达房地产股份有限公司,高新园区,20190318,38.89104111985908,121.55325426578435,city one,17,14420,亿达物业管理有限公司,0.5,辽宁,3,二手房,2006
高新园区海苑街30号1单元1号公建,大连,大连大有房屋开发有限公司,高新园区,20190318,20.06392317589085,110.32302599457326,大有恬园二期,47,17536,大连家园物业有限公司,1.2,辽宁,3,二手房,2010
甘井子区亿家缘虹韵路205,大连,大连亿达美加房地产开发有限公司,甘井子,20190318,38.95759554613104,121.5279376157567,第五郡一号地,57,22757,亿达物业管理有限公司,2,辽宁,3,二手房,2012
沙河口区绿清街12号,大连,大连绿波房屋开发集团有限公司,沙河口,20190318,38.93851335419565,121.57334844377094,绿波花园,19,13353,大连绿波建设发展有限公司,0.6,辽宁,3,二手房,2001
沙河口区黄河路883号,大连,大连正源房地产开发有限公司,沙河口,20190318,38.919826721475204,121.57749657966676,幸福e家四期,64,33028,大连正源物业服务有限公司,1.2,辽宁,3,二手房,2007
中山区杏林街66—5号,大连,大连开建集团有限公司,中山,20190318,38.9244189768098,121.6630029448549,花香维也纳,43,24028,大连开利物业管理有限公司,0.5,辽宁,3,二手房,2003
西岗区鞍山路29号龙畔锦城东门,大连,大连万达房地产开发有限公司,西岗,20190318,38.92763470697088,121.61498923399098,长春花园,17,17226,大连万达物业管理有限公司,0.5,辽宁,3,二手房,1996
甘井子区祥龙街2号楼1单元1楼1号,大连,大连恒新房地产开发有限公司,甘井子,20190318,38.988045874482445,121.60439401971377,华东人家,48,14681,大连福佳物业管理有限公司,1,辽宁,3,二手房,2007
沙河口区黄河路535号,大连,大连建园房地产开发有限公司,沙河口,20190318,38.91773777159567,121.60217159922856,79中城市公元,46,28139,大连斌弘物业管理有限公司,2.6,辽宁,3,二手房,2009
沙河口区联合路133号,大连,大连万达房地产开发有限公司,沙河口,20190318,38.91608561262676,121.60480987310456,79中万泰花园,29,27119,大连万泰物业管理有限公司,0.8,辽宁,3,二手房,1998
甘井子区红旗中路143号1层4号,大连,大连保利红旗房地产开发有限公司,甘井子,20190318,38.93169566676921,121.5426632438217,保利西山林语,72,20401,保利物业服务有限公司,1.5,辽宁,3,二手房,2014
"西岗区泰公街20号2层7号 西岗区久寿街22号1层14号""",大连,大连润德君城房地产开发有限公司,西岗,20190318,38.92600196862723,121.62141976476381,北京公园,35,27459,大连润德物业管理有限公司,2.2,辽宁,3,二手房,2010
沙河口区知心园10号公建,大连,大连软件园开发有限公司,高新园区,20190318,38.893977135945136,121.55667141994431,亿达国际新城,44,22248,亿达物业管理有限公司,1,辽宁,3,二手房,2004
沙河口区中山路417A-4号,大连,大连海孚房地产开发有限公司,沙河口,20190318,38.90734671814175,121.59482182703752,华业玫瑰东方,71,26864,深圳华业物业管理有限公司大连分公司,3.5,辽宁,3,二手房,2011
无门店信息,大连,大连世茂嘉年华置业有限公司,金州,20190318,34.52713835999158,118.76812980670795,世茂御龙海湾,156,11121,经纬物业(中国)有限公司,2,辽宁,4,二手房,2014
甘井子区玉湖街18号1单元1-1,大连,大连新型房地产开发有限公司,甘井子,20190318,38.97554522550266,121.54552721066896,书香府第二期,16,10957,大连新型物业管理有限公司,0.5,辽宁,4,二手房,2002
甘井子区海口路77—5号,大连,暂无信息,甘井子,20190318,38.960286398428124,121.60305183172997,鹏辉新世纪四期,52,17470,大连鹏辉物业管理有限公司,0.6,辽宁,4,二手房,2003
甘井子区甘井子路32号楼1单元1楼9号,大连,无开发商,甘井子,20190318,38.982488275116516,121.63345389253514,松江小区,34,10176,街道办事处（居委会）代管物业,0.5,辽宁,4,二手房,1995
无门店信息,大连,大连乾豪集团有限公司,开发区,20190318,34.52713835999158,118.76812980670795,乾豪新界,58,11148,大连乾豪物业管理有限公司,1.7,辽宁,4,二手房,2015
开发区大开高吉里33栋6号,大连,大连开建集团有限公司,开发区,20190318,39.07355836059941,121.8280439450145,高城花园,28,7800,嘉兴物业管理有限公司,0.2,辽宁,4,二手房,2002
大连市甘井子区张前路620-18号（第19幢1单元1跃2层14号）,大连,无开发商,甘井子,20190318,38.98764207496216,121.52409526893047,嘉安边防家园,12,12006,大连新型物业管理有限公司,1,辽宁,4,二手房,2009
沙河口区锦石路8号,大连,大连锦绣房地产开发有限公司,沙河口,20190318,38.94771288948481,121.56110903658733,锦云中园,57,10185,大连锦绣物业管理有限公司,0.3,辽宁,4,二手房,1996
甘井子区虹港路391号第五幢1单元1跃2层3号,大连,大连加尔伦房地产开发有限公司,甘井子,20190318,38.96606635942528,121.53201387432493,万科金域华府,29,23255,大连万科物业服务有限公司,3,辽宁,4,二手房,2016
开发区红星海B区212-1,大连,远洋地产有限公司,开发区,20190318,39.027851194371685,121.80327394132297,红星海时光的岸,60,13627,大连远洋基业物业管理有限公司,2.2,辽宁,4,二手房,2015
甘井子区惠泽南园3-4号,大连,大连长鹭房屋开发有限公司,甘井子,20190318,38.939326611323615,121.52337842113351,晶品缘林,16,16591,大连三和住邦物业管理有限公司,1,辽宁,4,二手房,2008
大连市甘井子区钻石湾和信园13-5,大连,远洋地产有限公司,甘井子,20190318,38.95806887148857,121.62117199773128,远洋钻石湾三期,71,21150,远洋亿家物业服务股份有限公司大连分公司,1.5,辽宁,4,二手房,2014
甘井子区红南东街7-7号,大连,大连大实企业集团房屋开发有限公司,甘井子,20190318,38.92880462247992,121.54144910207062,泊林和山,23,11541,大连弘实物业管理有限公司,0.6,辽宁,4,二手房,2007
甘井子区泉水H3区15号3单元1层2号,大连,大连新型房地产开发有限公司,甘井子,20190318,39.00158439075201,121.62616882572375,龙畔金泉二期,77,12587,大连新型物业管理有限公司,0.5,辽宁,4,二手房,2004
大连市甘井子区丰收路3-5号,大连,大连亿海房地产开发有限公司,甘井子,20190318,38.965377255081755,121.58288415324094,亿海盛都,17,20616,街道办事处（居委会）代管物业,0.5,辽宁,4,二手房,2004
中山区职工街96号1-3层公建,大连,大连嘉和房地产开发有限公司,中山,20190318,38.92565613737007,121.66193575790903,嘉和花样年华一期,66,21110,大连嘉和物业管理有限公司,3,辽宁,4,二手房,2003
甘井子区泉水D6区51号,大连,大连时代房地产开发有限公司,甘井子,20190318,39.00897610161069,121.61789300655198,富士庄园,58,15779,大连佳泰物业管理有限公司,1.2,辽宁,4,二手房,2006
无门店信息,大连,大连乾豪集团有限公司,开发区,20190318,34.52713835999158,118.76812980670795,格林小镇,153,8075,沈阳瑞码阁物业管理有限公司大连分公司,0.6,辽宁,4,二手房,2002
甘井子区华龙南园12-4-3-1-3,大连,大连瑞祥房地产开发有限公司,甘井子,20190318,38.98528794231248,121.61028969481718,今都小区,49,11812,大连泰安物业管理有限公司,0.2,辽宁,4,二手房,1996
中山区杏林街66—5号,大连,嘉和房地产集团有限公司,中山,20190318,38.9244189768098,121.6630029448549,嘉和花样年华二期,44,21894,大连嘉和物业管理有限公司,2,辽宁,4,二手房,2005
中山区职工街96号1-3层公建,大连,大连泛华房屋开发有限公司,中山,20190318,38.92565613737007,121.66193575790903,泛华领城,29,13809,无物业管理服务,3.2,辽宁,4,二手房,2012
金州区小平岛B组团4号楼3号商铺,大连,大连圣岛房地产开发有限公司,高新园区,20190318,39.2986190718601,121.95658248043723,小平岛海角七号,46,21368,大连凯尔富物业管理有限公司,1.7,辽宁,4,二手房,2011
沙河口区五一路219-1,大连,大连亿达房地产股份有限公司,沙河口,20190318,38.9026964858514,121.56644125985508,桃山小区,65,9823,街道办事处（居委会）代管物业,0.5,辽宁,4,二手房,1998
甘井子区迎客路郭东街一品蓝天公建14号,大连,大连福田房屋开发有限公司,甘井子,20190318,38.958456949708726,121.556756277476,隽佳欣苑,43,14604,大连安洁物业管理服务有限公司,0.5,辽宁,4,二手房,2007
中山区爱华街13号,大连,无开发商,中山,20190318,38.92541607518685,121.6535728031028,九中安乐街,35,37038,无物业管理服务,-,辽宁,4,二手房,1990
沙河口区绿波路34号楼5单元1楼3号,大连,大连东北房屋开发有限公司,沙河口,20190318,38.940473883711306,121.57312402324945,帝欧花园,36,17105,大连绿波建设发展有限公司,0.6,辽宁,4,二手房,2005
甘井子区汇仁街22号,大连,大连永高房屋开发有限公司,甘井子,20190318,38.99712640764999,121.58834420439493,加州洋房,52,15901,大连怡和物业服务有限公司,0.9,辽宁,4,二手房,2008
沙河口区鞍山路65号美都园7号1单元1层4号公建,大连,大连良运房地产开发有限公司,沙河口,20190318,38.92727525772336,121.60296423346817,良运缤纷四季,27,21526,大连良运物业管理有限公司,0.8,辽宁,4,二手房,2006
西岗区黄河路362号公建,大连,大连万达商业地产有限公司,西岗,20190318,38.91819905243802,121.61365779430986,万达华府二期,42,22604,大连万景物业管理有限公司,1.6,辽宁,4,二手房,2006
沙河口区长江路738号,大连,勋业（大连）置业有限公司,西岗,20190318,38.92379936592553,121.61207696256155,远洋风景,55,24921,大连远洋风景物业服务中心,1.9,辽宁,4,二手房,2007
甘井子区红旗西路104-23,大连,大连万科房地产开发有限公司,甘井子,20190318,38.94011738361669,121.52831049836651,万科假日风景,63,17508,大连万科物业服务有限公司,1,辽宁,4,二手房,2007
金州区金湾路132-2号,大连,大连金新房地产开发有限公司,金州,20190318,39.10269111644727,121.72221060686516,金州福佳新天地广场,70,8369,大连福佳物业管理有限公司,1.8,辽宁,5,二手房,2011
无门店信息,大连,无开发商,甘井子,20190318,34.52713835999158,118.76812980670795,五二三厂,42,8120,无物业管理服务,0.5,辽宁,5,二手房,1987
金州区站前街道盛滨花园B区13号楼2号公建,大连,大连和嘉房地产开发有限公司,金州,20190318,39.09609011892329,121.7335816409767,和嘉佳园,71,6863,街道办事处（居委会）代管物业,0.5,辽宁,5,二手房,2009
金州区同济路44号,大连,大连阿尔滨中辰置业有限公司,金州,20190318,39.10476859984152,121.71234684495865,瀛海金洲,74,8326,大连阿尔滨汇城物业服务有限公司,0.5,辽宁,5,二手房,2011
西岗区香炉礁24号1-1,大连,无开发商,西岗,20190318,38.91336952993919,121.6258229781024,工人村,50,10576,街道办事处（居委会）代管物业,0.5,辽宁,5,二手房,1980
甘井子区红旗花园23号楼19-24轴公建,大连,大连科宏房屋开发有限公司,甘井子,20190318,38.93108029984587,121.54902145022133,海港楼,20,8700,大连科海物业有限公司,0.2,辽宁,5,二手房,1996
无门店信息,大连,大连经开万达广场投资有限公司,开发区,20190318,34.52713835999158,118.76812980670795,大连开发区万达广场,111,9785,大连万达物业管理有限公司,2.5,辽宁,5,二手房,2015
甘井子区山东路商业街D区12号公建,大连,无开发商,甘井子,20190318,39.001060021502965,121.58883960371418,兴华路,50,11934,街道办事处（居委会）代管物业,0.5,辽宁,5,二手房,1989
大连经济技术开发区时代城4-3号1-2号,大连,远洋地产有限公司,开发区,20190318,39.0992481321252,121.83007860699459,远洋时代城四期,50,9097,大连远洋基业物业管理有限公司,1.5,辽宁,5,二手房,2012
大连市金州新区中长街道碧海尚城5-4号1-2层,大连,无开发商,金州,20190318,39.1001690968934,121.73061017121415,碧海尚城,99,7937,街道办事处（居委会）代管物业,0.8,辽宁,5,二手房,2007
甘井子区千山路26号,大连,大连市大钢集团,甘井子,20190318,38.985697948031984,121.58768860037272,山东路,72,12864,街道办事处（居委会）代管物业,0.2,辽宁,5,二手房,1986
开发区湾里南12栋-16-17-18号,大连,无开发商,开发区,20190318,39.070782084451,121.8506739675913,东城国际,43,8994,大连乾豪物业管理有限公司,1,辽宁,5,二手房,2006
沙河口区黑石礁街3号1层1-1号,大连,无开发商,沙河口,20190318,38.880058010307856,121.56313403908827,浪花街,35,11227,无物业管理服务,-,辽宁,5,二手房,1991
开发区黄海西路54号,大连,中国铁路十三局,开发区,20190318,39.047714586087785,121.76688238228269,翠竹小区,116,7950,大连经济技术开发区中强物业管理有限公司,0.3,辽宁,5,二手房,1996
中山区民建街10号1单元1号,大连,无开发商,中山,20190318,38.925444479476894,121.66915026954452,39中顺阳街,27,20701,无物业管理服务,-,辽宁,5,二手房,1995
经济技术开发区城润万家62-8公建,大连,大连海汇房地产开发有限公司,开发区,20190318,39.06883436780937,117.72669530355309,正源吉祥e家祥福园,43,11397,大连正源物业服务有限公司,1.5,辽宁,5,二手房,2015
大连市开发区左岸经典正恒园1-17,大连,大连众益神州地产开发有限公司,开发区,20190318,39.049057070649155,121.76187404250511,万国宫馆三期,105,14636,大连万佳物业管理有限公司,2,辽宁,5,二手房,2011
沙河口区恒利园42号-8,大连,大连新型房地产开发有限公司,沙河口,20190318,38.93357562498634,121.57914091532649,中铁十三局,21,12900,大连新兴物业管理有限公司,0.3,辽宁,5,二手房,1993
中山区华乐街107-115号,大连,大连华顺房地产开发公司,中山,20190318,38.92093821499401,121.68879267531725,海景园,58,15491,大连华富物业管理有限公司,0.3,辽宁,5,二手房,1997
高新园区火炬路18号,大连,大连嘉创房地产开发有限公司,高新园区,20190318,38.937738080520404,117.39340752036043,嘉创E人国际,53,15219,大连紫金物业管理有限公司,2,辽宁,5,二手房,2011
中山区杏林街66—5号,大连,嘉和房地产集团有限公司,中山,20190318,38.9244189768098,121.6630029448549,嘉和花样年华三期,45,24463,大连嘉和物业管理有限公司,3.5,辽宁,5,二手房,2007
开发区鹏程家园66#-6、66#-7公建,大连,大连海富花园开发有限公司,开发区,20190318,38.90045524508753,121.63339362744885,海富经典,108,9925,大连银帆物业管理有限公司,1.2,辽宁,5,二手房,2009
甘井子区泉水K2区1号-7,大连,大连新型房地产开发有限公司,甘井子,20190318,39.01148211821007,121.63131997900962,龙畔金泉五期K4区,100,12362,大连新兴物业管理有限公司,0.5,辽宁,5,二手房,2008
沙河口区西南路643号,大连,大连泰安房地产开发有限公司,沙河口,20190318,38.943483429804665,121.5833555851182,幸福小区(沙河口),33,11897,大连三宝物业发展有限公司,0.3,辽宁,5,二手房,1998
甘井子区泉水D6区51号,大连,大连锦丰和源祥房地产开发有限公司,甘井子,20190318,39.00897610161069,121.61789300655198,泉水家年华,90,13472,街道办事处（居委会）代管物业,0.9,辽宁,5,二手房,2009
中山区岭前街53-5,大连,暂无信息,中山,20190318,38.89487069426055,121.65795959631497,胜鼎桃源,19,20346,暂无信息,1.8,辽宁,5,二手房,2015
甘井子区红旗花园23号楼19-24轴公建,大连,大连银泰房地产有限公司,甘井子,20190318,38.93108029984587,121.54902145022133,祥和园,23,14228,无物业管理服务,0.5,辽宁,5,二手房,2002
高新园区聚贤路36号5幢1单元1层1号,大连,大连海创房地产开发有限公司,高新园区,20190318,32.31472011562832,119.46141263909165,海创半山壹号,60,16709,大连海创物业管理有限公司,1.8,辽宁,5,二手房,2011
甘井子区红旗西路104-7,大连,大连盛华房地产开发有限公司,甘井子,20190318,38.940012695252975,121.52780738260293,水映西山,29,15101,大连长青物业管理中心,0.9,辽宁,5,二手房,2007
甘井子区锦城东园1号3单元1层2号,大连,大连锦绣房地产开发有限公司,沙河口,20190318,38.952805477462775,121.55656194973994,锦城东园,31,18050,大连锦绣物业管理有限公司,0.6,辽宁,5,二手房,2006
无门店信息,大连,无开发商,金州,20190318,34.52713835999158,118.76812980670795,滨海丰园,97,8253,街道办事处（居委会）代管物业,0.5,辽宁,6,二手房,2011
无门店信息,大连,大连聚达房地产开发有限公司,旅顺口,20190318,34.52713835999158,118.76812980670795,海尚明珠,117,9951,大连合生物业管理有限公司,1.5,辽宁,6,二手房,2016
甘井子区新兴路36号3-1-3,大连,大连新型房地产开发有限公司,甘井子,20190318,38.95546176066109,121.5285003794903,泡崖一区,89,10416,大连新兴物业管理有限公司,0.5,辽宁,6,二手房,1992
无门店信息,大连,大连环宇置业有限公司,开发区,20190318,34.52713835999158,118.76812980670795,环宇品阁,57,6385,大连环宇物业管理有限公司,1.5,辽宁,6,二手房,2010
开发区黄海西路54号,大连,开发区城建局,开发区,20190318,39.047714586087785,121.76688238228269,青松南里,72,7859,大连经济技术开发区中强物业管理有限公司,0.5,辽宁,6,二手房,2003
沙河口区兰田街33号,大连,无开发商,沙河口,20190318,38.926138912221084,121.56486022834609,辽师,41,12151,无物业管理服务,-,辽宁,6,二手房,1970
甘井子区甘井子街3号公建,大连,无开发商,甘井子,20190318,38.982086281836246,121.63426694995971,文体街,126,10119,街道办事处（居委会）代管物业,0.1,辽宁,6,二手房,1985
无门店信息,大连,大连唐银盛兴置业有限公司,开发区,20190318,34.52713835999158,118.76812980670795,钻石9座,39,10007,大连佳家物业管理有限公司,1.5,辽宁,6,二手房,2014
沙河口区南沙街36号台二2号1-1-37,大连,无开发商,沙河口,20190318,38.90741410359388,121.57685699961822,南沙,70,11453,无物业管理服务,1,辽宁,6,二手房,1995
甘井子区泉水D6区51号,大连,大连锦丰和源祥房地产开发有限公司,甘井子,20190318,39.00897610161069,121.61789300655198,泉水人家幸福里,118,13936,大连泽霖物业管理有限公司,0.9,辽宁,6,二手房,2009
沙河口区锦霞南园13号3-1-1,大连,大连锦绣房地产开发有限公司,沙河口,20190318,38.921778341674376,121.58261780680284,锦霞南园,45,11009,大连锦绣物业管理有限公司,0.3,辽宁,6,二手房,1998
沙河口区恒利园42号-8,大连,大连新华房屋开发有限公司,沙河口,20190318,38.93357562498634,121.57914091532649,新华同仁轩,40,17489,大连新华物业管理有限公司,0.6,辽宁,6,二手房,2000
沙河口区联合路133号,大连,无开发商,沙河口,20190318,38.91608561262676,121.60480987310456,79中永平,101,27272,无物业管理服务,-,辽宁,6,二手房,1994
高新园区硅谷假日小区25号楼地下室,大连,大连鑫亿房屋开发有限公司,高新园区,20190318,38.865995717263544,121.53771220335938,硅谷假日,51,19687,大连斌弘物业管理有限公司,0.8,辽宁,6,二手房,2005
甘井子区芳林街17号1单元1层1号,大连,大连亿达房地产股份有限公司,甘井子,20190318,38.96091976856697,121.58863625429588,唯美品格,87,29990,亿达物业管理有限公司,1.5,辽宁,6,二手房,2009
甘井子金地艺境博艺西园2-1号,大连,大连恒昇房地产开发有限公司,甘井子,20190318,39.04402110608829,121.665484498555,福佳新城一期,48,9063,暂无信息,1.6,辽宁,7,二手房,2010
中山区解放路471-22号,大连,大连圣北开发有限公司,中山,20190318,38.90018683040924,121.65457658465141,亿达云集,106,19911,亿达物业管理有限公司,1.9,辽宁,7,二手房,2015
沙河口区前程街46号4—1—2号,大连,大连渤海红旗集团有限公司,甘井子,20190318,38.921778341674376,121.58261780680284,彩霞园,16,11468,渤海吉祥物业管理有限公司,0.4,辽宁,7,二手房,2000
开发区杏树里10栋-14,大连,大连名城房地产开发有限公司,开发区,20190318,39.08113818354046,121.78505742127606,名城和顺人家,71,9028,大连君悦天下物业管理中心,0.5,辽宁,7,二手房,2010
甘井子区山东路170—7号,大连,大连市大钢集团,甘井子,20190318,38.98379863132532,121.58715890734231,华中街,29,11984,街道办事处（居委会）代管物业,0.5,辽宁,8,二手房,1986
沙河口区锦江园30号1层公建,大连,大连锦绣房地产开发有限公司,沙河口,20190318,38.921778341674376,121.58261780680284,锦江园,81,10148,大连锦绣物业管理有限公司,0.3,辽宁,7,二手房,1983
开发区松苑街23号,大连,大连盛和房地产开发有限公司,开发区,20190318,22.52087710763645,113.40156104777168,北欧假日,89,11694,大连鸿达物业管理有限公司,1.1,辽宁,7,二手房,2005
甘井子区小平岛路66-4号,大连,大连软件园瑞安发展有限公司,高新园区,20190318,38.84623138470555,121.51516818634872,悦丽海湾,51,19797,上海丰城物业管理有限公司,2.8,辽宁,7,二手房,2014
沙河口区西南路643号,大连,无开发商,沙河口,20190318,38.943483429804665,121.5833555851182,交通大学,59,12410,无物业管理服务,-,辽宁,8,二手房,1955
开发区红星海B区212-1,大连,远洋地产有限公司,开发区,20190318,39.027851194371685,121.80327394132297,红星海五期岚谷,101,14100,大连远洋基业物业管理有限公司,2.2,辽宁,8,二手房,2012
沙河口区长江路946号-9,大连,大连机车商业城有限公司,沙河口,20190318,38.92295863621255,121.59735298157467,兴工街,66,12608,街道办事处（居委会）代管物业,0.2,辽宁,8,二手房,1985
甘井子区金北路17号,大连,无开发商,甘井子,20190318,38.97553393692831,121.59969720502335,76中学桥北,64,18233,无物业管理服务,-,辽宁,8,二手房,1970
开发区安盛里5栋-4,大连,大连开建集团有限公司,开发区,20190318,23.112106678834838,113.27801046214822,开建阳光馨苑,76,9510,大连开利物业管理有限公司,1.2,辽宁,8,二手房,2009
甘井子区红旗中路143号1层4号,大连,大连红旗兴达房地产开发有限公司,甘井子,20190318,38.93169566676921,121.5426632438217,兴达依山居,20,13408,大连金诚物业管理有限公司,0.3,辽宁,8,二手房,2004
高新园区黄浦路901S号1单元1层3号,大连,大连金真源集团房地产开发有限公司,高新园区,20190318,38.85845801548294,121.51687109601923,山海一家一期,48,14325,大连龙海物业管理有限公司,0.6,辽宁,8,二手房,2005
沙河口区富国街14号1-1-2,大连,大连浩江房地产开发有限公司,沙河口,20190318,38.901027106600836,121.59047734850638,和平现代城,86,16350,大连万科物业服务有限公司,1,辽宁,8,二手房,2005
开发区安盛里5栋-4,大连,大连汽贸房屋开发有限公司,开发区,20190318,23.112106678834838,113.27801046214822,东北明珠,57,12256,大连汽贸物业管理有限公司,1.5,辽宁,8,二手房,2007
大连市甘井子中华路街道汇畅街48号,大连,远洋地产有限公司,甘井子,20190318,39.00552323996268,121.59684207363269,远洋荣域,115,18654,远洋亿家物业服务股份有限公司大连分公司,2.8,辽宁,8,二手房,2016
高新园区聚贤路36号5幢1单元1层1号,大连,大连法马克房地产开发有限公司,高新园区,20190318,32.31472011562832,119.46141263909165,中铁诺德滨海花园,63,19809,大连中铁诺德物业服务有限公司,2.3,辽宁,8,二手房,2015
沙河口区富民路249号,大连,大连文路建设集团有限公司,沙河口,20190318,38.93341510428133,121.5770130002514,阳光月秀,35,15647,大连丰泽物业管理有限公司,0.6,辽宁,8,二手房,2006
沙河口区前程街46号4—1—2号,大连,大连银地置业发展有限公司,沙河口,20190318,38.921778341674376,121.58261780680284,观山满庭芳,80,18226,大连新展物业管理有限公司,1,辽宁,8,二手房,2008
沙河口区新生路万客园3-7,大连,大连鹏生房地产开发有限公司,沙河口,20190318,38.94412875710208,121.57006756704837,枫林绿洲,38,13845,大连鹏辉物业管理有限公司,0.3,辽宁,10,二手房,2008
大连经济技术开发区时代城4-3号1-2号,大连,远洋地产有限公司,开发区,20190318,39.0992481321252,121.83007860699459,远洋时代城三期,78,8615,大连远洋基业物业管理有限公司,1.5,辽宁,11,二手房,2012
甘井子区祥溢园4号1单元1层9号公建,大连,大连长鹭房屋开发有限公司,甘井子,20190318,38.92981664067587,121.54940314023253,亲亲家园,65,15017,渤海吉祥物业管理有限公司,0.5,辽宁,10,二手房,2004
甘井子区泉水A2区10-3号,大连,源祥房地产开发有限公司,甘井子,20190318,39.00419463553784,121.61128690376383,美域盛景,115,12403,大连新华物业管理有限公司,0.8,辽宁,10,二手房,2008
西岗区香炉礁24号1-1,大连,无开发商,西岗,20190318,38.91336952993919,121.6258229781024,香炉礁,156,10695,街道办事处（居委会）代管物业,0.1,辽宁,11,二手房,1979
金州区金润小区B区861单元102,大连,大连辽大房地产开发有限公司,金州,20190318,39.10615165380565,121.74639264534615,金润小区A区,149,8438,大连新兴物业管理有限公司,0.4,辽宁,11,二手房,2005
开发区湾里南12栋-16-17-18号,大连,大连金湾实业有限公司,开发区,20190318,39.070782084451,121.8506739675913,湾里东,188,8042,大连金湾物业管理有限公司,0.5,辽宁,11,二手房,2004
高新园区火炬路18号,大连,大连海脉房地产开发有限公司,高新园区,20190318,38.937738080520404,117.39340752036043,MINI印象,121,15393,大连豪斯威物业管理有限公司,2.2,辽宁,11,二手房,2012
金州区先进街道陶然居公建2-2号1层,大连,大连金信集团房地产有限公司,金州,20190318,39.08283372756215,121.76170982507143,桃园小区,139,6735,街道办事处（居委会）代管物业,0.5,辽宁,12,二手房,1992
沙河口区富民路120号4-1-1,大连,大连渤海红旗集团有限公司,沙河口,20190318,38.930937859528605,121.5647274237578,马栏小学南,51,10761,大连辽南物业管理有限公司,0.2,辽宁,12,二手房,1995
西岗区平等街21号1层2号,大连,暂无信息,西岗,20190318,38.92251066253164,121.63236845125735,实验小学英华街,72,21103,无物业管理服务,0.6,辽宁,12,二手房,1989
大连市经济技术开发区东城园98-14,大连,大连金湾实业有限公司,开发区,20190318,39.0695450284039,121.85051433870218,裕民新苑,46,8462,大连金湾物业管理有限公司,0.3,辽宁,12,二手房,2006
